0.543958 0.726004 0.662105 0.074031 0.425477 0.309892 0.475877 0.969597 0.159650 0.680396 0.307280 0.940049 0.823421 0.023912 0.782132 0.580936 0.336423 0.800416 0.437251 0.837839 0.400452 0.124392 0.074284 0.819837 0.022504 0.252640 0.036504 0.519664 0.939330 0.783858 0.531232 0.483287 0.509862 0.193337 0.557219 0.935239 0.503130 0.033095 0.904836 0.662680 0.713391 0.212116 0.602729 0.536812 0.235928 0.384861 0.117748 0.572251 0.185277 0.554899 0.410090 0.585629 0.679191 0.484274 0.405465 0.701596 0.736814 0.441869 0.221260 0.676144 0.225727 0.752392 0.159431 0.735490 
0.945629 0.716550 0.670729 0.448759 0.749545 0.575564 0.111439 0.462936 0.787581 0.714068 0.999648 0.023509 0.098929 0.117396 0.595660 0.284106 0.672195 0.005750 0.869635 0.351387 0.489923 0.275100 0.052982 0.226737 0.716869 0.274142 0.902781 0.942497 0.026534 0.062212 0.677986 0.972063 0.778661 0.348715 0.420823 0.528206 0.924180 0.532162 0.991042 0.711760 0.246231 0.990691 0.735169 0.345060 0.108087 0.330829 0.629066 0.780182 0.336478 0.498700 0.131568 0.826302 0.773700 0.184451 0.053039 0.490570 0.458493 0.955720 0.433067 0.484926 0.017931 0.111053 0.456990 0.796493 
0.459668 0.877713 0.324699 0.383848 0.409875 0.315741 0.095608 0.656005 0.306432 0.830677 0.001065 0.414418 0.161505 0.630031 0.194600 0.497884 0.128731 0.326069 0.324185 0.902331 0.510419 0.377124 0.392901 0.968812 0.332844 0.825868 0.453738 0.350675 0.936821 0.910628 0.147167 0.396489 0.788341 0.471766 0.780236 0.198215 0.787407 0.875744 0.854121 0.093839 0.706421 0.855086 0.508157 0.867826 0.485117 0.702658 0.365710 0.613748 0.028727 0.689795 0.516079 0.539046 0.066919 0.908880 0.507858 0.399663 0.734748 0.961496 0.750238 0.671568 0.872124 0.897305 0.068057 0.660465 
0.369071 0.848193 0.858581 0.156479 0.723938 0.712701 0.250218 0.430359 0.567787 0.758275 0.298185 0.052904 0.460933 0.663795 0.666552 0.489560 0.353590 0.182631 0.028606 0.420409 0.091511 0.536363 0.819972 0.826158 0.497859 0.570210 0.497727 0.369984 0.467515 0.565684 0.030449 0.836486 0.413877 0.888929 0.992865 0.137815 0.601631 0.243083 0.568074 0.169418 0.001359 0.866159 0.222223 0.462192 0.529954 0.888674 0.951651 0.883444 0.071305 0.980157 0.303853 0.162716 0.516520 0.123826 0.988775 0.014380 0.693935 0.486501 0.384264 0.161450 0.052185 0.414613 0.997837 0.465963 
0.303542 0.990702 0.603678 0.905073 0.233785 0.171751 0.074491 0.235044 0.037910 0.296614 0.697136 0.567764 0.185288 0.648787 0.451208 0.256493 0.628944 0.754961 0.419110 0.145465 0.878687 0.407884 0.159744 0.572622 0.894286 0.543908 0.733973 0.946371 0.958421 0.731809 0.412333 0.261962 0.722511 0.016011 0.167035 0.956197 0.187662 0.241426 0.191241 0.225472 0.537940 0.888277 0.793136 0.723128 0.537064 0.244344 0.979521 0.166008 0.999205 0.398631 0.311373 0.877892 0.806415 0.471017 0.450515 0.700701 0.014925 0.184487 0.647072 0.973246 0.916196 0.059405 0.235208 0.638708 
0.075316 0.402143 0.594904 0.262878 0.643470 0.786045 0.488251 0.181410 0.674322 0.281387 0.904438 0.211385 0.525631 0.883959 0.377294 0.524836 0.282590 0.688566 0.402729 0.089005 0.159583 0.853143 0.789606 0.174408 0.037630 0.436678 0.147654 0.953727 0.495983 0.382762 0.592434 0.571199 0.784805 0.187338 0.833977 0.428275 0.973284 0.322228 0.609585 0.647605 0.603515 0.514023 0.858891 0.129146 0.397982 0.236184 0.653882 0.680472 0.924650 0.056611 0.769378 0.084234 0.909654 0.558984 0.258542 0.947184 0.995562 0.406096 0.900911 0.491545 0.788758 0.493345 0.062744 0.573564 
0.680583 0.896621 0.001839 0.653867 0.218849 0.611324 0.301472 0.822264 0.125347 0.160363 0.951309 0.523229 0.396447 0.605191 0.203701 0.321097 0.661702 0.972979 0.405231 0.571356 0.531963 0.663673 0.518541 0.527525 0.069770 0.419451 0.019070 0.858428 0.912696 0.081713 0.431992 0.593280 0.978234 0.433731 0.247146 0.197083 0.045055 0.548518 0.019347 0.170301 0.708781 0.970556 0.693430 0.105228 0.575748 0.897032 0.426225 0.237450 0.870011 0.831356 0.808706 0.401974 0.495030 0.327247 0.929399 0.564699 0.746598 0.948369 0.423127 0.659294 0.030082 0.855019 0.252574 0.008317 
0.288750 0.499620 0.205300 0.333704 0.048138 0.224547 0.503906 0.756819 0.195103 0.197336 0.861947 0.770750 0.094368 0.288172 0.008200 0.964279 0.119529 0.816806 0.366253 0.614458 0.144053 0.295653 0.179158 0.890550 0.244022 0.602185 0.549844 0.274004 0.457204 0.802318 0.282221 0.745854 0.301938 0.487421 0.079559 0.349976 0.711867 0.583365 0.106795 0.906870 0.780601 0.968643 0.677621 0.874869 0.256815 0.685721 0.839148 0.376244 0.502527 0.205401 0.990602 0.646479 0.500954 0.169760 0.537030 0.744876 0.771845 0.086874 0.018880 0.229050 0.889092 0.301001 0.974804 0.191030 
0.788322 0.054362 0.540906 0.500189 0.637627 0.647602 0.407059 0.418228 0.616244 0.084680 0.293096 0.872959 0.770300 0.132244 0.249203 0.272827 0.337545 0.239805 0.919206 0.838399 0.409465 0.456236 0.583275 0.181310 0.543011 0.602055 0.410259 0.432103 0.902956 0.385063 0.623033 0.691277 0.439326 0.163940 0.191466 0.076952 0.811442 0.598425 0.495080 0.427686 0.683005 0.788077 0.300645 0.453305 0.920221 0.549748 0.726032 0.257766 0.789453 0.645239 0.096166 0.198918 0.101475 0.679341 0.380128 0.644386 0.281396 0.790287 0.076489 0.184351 0.175350 0.699422 0.875528 0.614576 
0.863261 0.066994 0.691428 0.674703 0.665320 0.186509 0.102389 0.348325 0.974485 0.402934 0.801530 0.894706 0.952583 0.527562 0.152473 0.742036 0.172801 0.248538 0.940854 0.274176 0.927779 0.320981 0.918462 0.209175 0.111269 0.994851 0.393426 0.286519 0.694273 0.268954 0.900995 0.557534 0.335849 0.592423 0.232237 0.001168 0.778832 0.334526 0.349393 0.753317 0.737360 0.150923 0.648023 0.689943 0.678385 0.800396 0.431979 0.851087 0.048935 0.372832 0.125263 0.976614 0.693714 0.043725 0.185789 0.804882 0.038576 0.579115 0.091402 0.732749 0.847969 0.992297 0.290283 0.183818 
0.584720 0.522420 0.184887 0.363552 0.856846 0.534180 0.116869 0.594207 0.685003 0.764793 0.284150 0.363388 0.565189 0.716028 0.214475 0.614024 0.088861 0.339638 0.590637 0.782475 0.383263 0.776326 0.587357 0.421739 0.355441 0.678659 0.154488 0.203411 0.670955 0.444671 0.387129 0.255675 0.966991 0.571916 0.619127 0.823837 0.106096 0.735897 0.418044 0.790998 0.500689 0.702094 0.154387 0.065878 0.418122 0.368762 0.679802 0.506883 0.708300 0.270439 0.289357 0.091564 0.046766 0.876614 0.513203 0.402107 0.555273 0.667591 0.605417 0.226228 0.112262 0.992446 0.481803 0.079253 
0.564362 0.100930 0.902990 0.670358 0.836727 0.321034 0.461356 0.337416 0.023128 0.615643 0.403194 0.441150 0.984305 0.082996 0.947932 0.692605 0.353336 0.237290 0.784068 0.400001 0.113904 0.297272 0.802008 0.669077 0.964763 0.407425 0.895205 0.077025 0.399871 0.377008 0.156178 0.964133 0.477838 0.059169 0.634491 0.314565 0.380103 0.095847 0.651881 0.403131 0.711390 0.055075 0.844181 0.695694 0.137972 0.792113 0.388299 0.491207 0.029403 0.172368 0.891108 0.143207 0.469539 0.693116 0.812184 0.434302 0.100541 0.707389 0.511227 0.500313 0.084396 0.667305 0.464446 0.562134 
0.726374 0.098937 0.876599 0.106477 0.194684 0.528480 0.509508 0.905974 0.583456 0.353689 0.601668 0.721327 0.145802 0.989867 0.212535 0.175104 0.162235 0.103643 0.318211 0.631674 0.796659 0.130395 0.065977 0.897100 0.837683 0.577104 0.397413 0.921980 0.244409 0.861759 0.484114 0.970683 0.960596 0.360714 0.077161 0.155280 0.889094 0.586569 0.061254 0.472550 0.940157 0.662822 0.193877 0.085959 0.652690 0.406312 0.260963 0.814825 0.509855 0.579075 0.446499 0.306514 0.709370 0.512376 0.203614 0.547053 0.089480 0.600927 0.469033 0.333789 0.462687 0.953047 0.304472 0.423283 
0.313761 0.381533 0.578464 0.202855 0.968001 0.639618 0.675304 0.908159 0.302440 0.869081 0.994018 0.955030 0.275393 0.254981 0.769855 0.785147 0.833956 0.216354 0.091661 0.543325 0.728630 0.295175 0.090379 0.818010 0.896003 0.559312 0.151798 0.358689 0.512359 0.456170 0.781872 0.826020 0.837603 0.360336 0.028875 0.805604 0.999854 0.704079 0.713763 0.302294 0.573160 0.707780 0.257324 0.848453 0.962662 0.027179 0.633600 0.796617 0.243433 0.725161 0.339943 0.971963 0.020337 0.430221 0.789973 0.916239 0.989433 0.941671 0.274928 0.501792 0.397842 0.056801 0.327812 0.235445 
0.417037 0.356586 0.041049 0.416891 0.060665 0.754712 0.719085 0.633725 0.462492 0.976308 0.482178 0.425154 0.003487 0.115778 0.221771 0.246820 0.840839 0.561614 0.218783 0.861076 0.991735 0.008756 0.777315 0.981168 0.950328 0.052244 0.482960 0.348169 0.108945 0.810672 0.583514 0.525882 0.167258 0.624463 0.942672 0.227823 0.379175 0.661757 0.861448 0.841568 0.638065 0.343626 0.266721 0.641452 0.459304 0.488393 0.888172 0.300143 0.050007 0.106955 0.161219 0.041742 0.115611 0.938435 0.022911 0.065939 0.990578 0.505771 0.414008 0.099523 0.316442 0.997423 0.625304 0.483600 
0.621886 0.567977 0.711323 0.001061 0.229734 0.572771 0.842529 0.867699 0.916297 0.109250 0.509151 0.375601 0.597543 0.397323 0.675644 0.647450 0.504178 0.836763 0.689092 0.619690 0.775198 0.711903 0.685529 0.765776 0.217673 0.099537 0.865199 0.534016 0.096960 0.490504 0.017616 0.718746 0.058480 0.728839 0.719708 0.288114 0.301611 0.562236 0.155813 0.217908 0.671387 0.664864 0.593408 0.268930 0.062187 0.269053 0.916280 0.566265 0.105816 0.605372 0.185955 0.880914 0.317274 0.871384 0.646690 0.534848 0.970821 0.511890 0.068863 0.067781 0.002393 0.086380 0.786428 0.060774 
0.815119 0.506135 0.348788 0.116730 0.068372 0.504500 0.334537 0.739658 0.169364 0.927846 0.008588 0.231450 0.196898 0.924768 0.797615 0.302614 0.530140 0.983470 0.183528 0.847314 0.854854 0.830119 0.382162 0.825675 0.342008 0.450925 0.893357 0.344302 0.537205 0.679784 0.404975 0.352324 0.185920 0.753663 0.468954 0.254191 0.258163 0.803391 0.993749 0.427427 0.731237 0.002338 0.658777 0.928035 0.927006 0.456392 0.230649 0.457145 0.439863 0.414078 0.304460 0.294717 0.244197 0.686522 0.120393 0.586105 0.137447 0.013749 0.930307 0.674552 0.693434 0.335282 0.026876 0.879253 
0.088945 0.495730 0.133445 0.347008 0.299121 0.127194 0.774335 0.030358 0.129432 0.433112 0.958292 0.056437 0.889404 0.188942 0.513483 0.329267 0.602919 0.817842 0.623884 0.847016 0.504364 0.744177 0.433121 0.641711 0.757826 0.363428 0.316263 0.451260 0.698610 0.343039 0.330513 0.787455 0.838669 0.463858 0.134463 0.137790 0.590952 0.908698 0.168047 0.720284 0.341810 0.126340 0.776621 0.231214 0.315182 0.290104 0.560381 0.918001 0.107946 0.184265 0.765017 0.612210 0.928342 0.198138 0.253921 0.686168 0.561466 0.570084 0.137428 0.260076 0.913023 0.467841 0.047531 0.751692 
0.931599 0.181894 0.889382 0.522551 0.090592 0.057430 0.242835 0.432302 0.183670 0.019456 0.663416 0.498751 0.309460 0.223797 0.416752 0.417306 0.407962 0.181769 0.029516 0.336304 0.379808 0.283337 0.022472 0.941174 0.853321 0.159800 0.201250 0.766345 0.627542 0.248681 0.518037 0.559141 0.430475 0.407419 0.081692 0.520967 0.464749 0.324427 0.953169 0.648318 0.343783 0.616585 0.147070 0.653142 0.840281 0.563722 0.070448 0.248244 0.745391 0.099864 0.584448 0.125199 0.383101 0.606820 0.066372 0.236423 0.766520 0.267522 0.002767 0.394062 0.516103 0.520704 0.953103 0.946478 
0.928023 0.034795 0.467445 0.392772 0.359121 0.420614 0.041090 0.702804 0.037199 0.188060 0.355946 0.877380 0.751682 0.426294 0.125624 0.497073 0.526059 0.709971 0.622172 0.909060 0.316791 0.688444 0.145483 0.083312 0.955866 0.148150 0.477274 0.471969 0.668754 0.430377 0.418447 0.596777 0.465071 0.885792 0.989449 0.824093 0.306406 0.030539 0.526897 0.343505 0.218499 0.882743 0.220885 0.970081 0.309038 0.346408 0.467154 0.834996 0.056380 0.089325 0.744056 0.373071 0.777669 0.889439 0.456283 0.733536 0.037588 0.933457 0.205505 0.706242 0.363833 0.623852 0.303019 0.828805 
0.509645 0.292468 0.652898 0.815951 0.322907 0.179795 0.159456 0.541306 0.062538 0.380241 0.511387 0.371475 0.726549 0.978440 0.206472 0.782829 0.067766 0.950428 0.155900 0.845335 0.839866 0.612083 0.578871 0.877354 0.545539 0.784276 0.583597 0.909273 0.408129 0.886516 0.738078 0.917674 0.178983 0.390976 0.733625 0.501791 0.570670 0.892981 0.043097 0.633108 0.273221 0.554384 0.004584 0.999671 0.532824 0.210955 0.782499 0.600490 0.161383 0.938299 0.445825 0.001249 0.550382 0.024696 0.878504 0.095921 0.808873 0.462100 0.005194 0.217001 0.348616 0.743172 0.134675 0.527499 
0.134148 0.868200 0.029290 0.704718 0.761180 0.072286 0.337826 0.034402 0.626570 0.342310 0.034073 0.159394 0.553165 0.816472 0.759784 0.714448 0.754771 0.205609 0.715597 0.305153 0.230206 0.594101 0.400974 0.039078 0.056201 0.406068 0.255980 0.404717 0.149240 0.390555 0.932116 0.283288 0.258755 0.961305 0.987906 0.019935 0.033591 0.325732 0.054237 0.660061 0.667942 0.088210 0.819356 0.221108 0.904582 0.579140 0.935456 0.659353 0.784649 0.651054 0.964405 0.014855 0.245154 0.365379 0.053833 0.301256 0.771347 0.309713 0.705872 0.920487 0.700168 0.637988 0.203775 0.958823 
0.599293 0.191681 0.978658 0.632784 0.517313 0.032895 0.292846 0.185256 0.121004 0.112201 0.406263 0.025586 0.691241 0.341719 0.684839 0.475890 0.992673 0.649244 0.490645 0.237827 0.014623 0.544378 0.538983 0.785870 0.853991 0.244855 0.706358 0.554159 0.882743 0.910033 0.512982 0.482036 0.101714 0.491640 0.114820 0.618927 0.524434 0.407565 0.804082 0.645339 0.519667 0.210346 0.670825 0.210908 0.551965 0.355663 0.686698 0.544638 0.004907 0.177343 0.782366 0.019430 0.721621 0.321349 0.805201 0.575612 0.566104 0.511558 0.129771 0.448846 0.421591 0.642653 0.930782 0.523205 
0.134293 0.045602 0.142132 0.658627 0.453067 0.946114 0.303966 0.972634 0.156459 0.974691 0.183541 0.708325 0.330354 0.870139 0.252963 0.335162 0.047482 0.035328 0.354492 0.769002 0.356577 0.159693 0.344614 0.922580 0.671151 0.474285 0.371426 0.092742 0.116938 0.302208 0.615847 0.251131 0.347710 0.757878 0.909658 0.800677 0.703992 0.213624 0.773311 0.860352 0.188315 0.956752 0.568676 0.518569 0.826891 0.821539 0.853630 0.874273 0.856767 0.208122 0.643275 0.213343 0.367715 0.987789 0.135923 0.038866 0.462074 0.507250 0.131508 0.578913 0.809358 0.747255 0.829943 0.157068 
0.505133 0.739601 0.957645 0.209126 0.953125 0.730956 0.069477 0.141440 0.687708 0.638053 0.659909 0.514599 0.459592 0.513539 0.388872 0.316359 0.721561 0.032147 0.529602 0.089276 0.019936 0.665426 0.128042 0.481910 0.172676 0.259450 0.060823 0.981934 0.006705 0.890666 0.139002 0.511739 0.630268 0.096647 0.720764 0.583393 0.827503 0.790141 0.724732 0.515211 0.428195 0.384641 0.029810 0.887687 0.898080 0.418582 0.204045 0.619641 0.450629 0.733548 0.708818 0.470465 0.398973 0.836760 0.952275 0.571549 0.096210 0.013098 0.553482 0.102815 0.903664 0.692384 0.614454 0.533932 
0.788931 0.335218 0.117325 0.616434 0.125359 0.841957 0.131645 0.553454 0.226598 0.161355 0.441141 0.124678 0.579837 0.645086 0.744220 0.030466 0.378634 0.453037 0.500831 0.777507 0.289797 0.453106 0.349055 0.385907 0.466104 0.902438 0.488623 0.369768 0.594822 0.103077 0.903600 0.383753 0.438195 0.020925 0.000188 0.563454 0.862782 0.131733 0.116909 0.089380 0.292989 0.557949 0.213959 0.872726 0.203035 0.958078 0.903092 0.581569 0.411115 0.403922 0.359076 0.700812 0.856928 0.708031 0.086720 0.323032 0.610469 0.575242 0.692700 0.205291 0.678219 0.596300 0.588945 0.116414 
0.617126 0.589032 0.679768 0.479908 0.720666 0.796577 0.569188 0.013654 0.354526 0.783047 0.886280 0.557462 0.741125 0.789372 0.139031 0.152240 0.193294 0.498007 0.852953 0.050222 0.206038 0.939572 0.373154 0.816407 0.514815 0.065855 0.021698 0.193034 0.662055 0.610543 0.309348 0.279181 0.199575 0.989016 0.758988 0.920141 0.785593 0.328177 0.933695 0.140119 0.111223 0.819975 0.697481 0.852248 0.609347 0.836412 0.004488 0.802541 0.334419 0.857341 0.852664 0.540357 0.796913 0.225818 0.356764 0.311728 0.291573 0.378362 0.504662 0.953528 0.988805 0.813909 0.232708 0.188380 
0.802925 0.991597 0.108521 0.588518 0.319773 0.042217 0.728538 0.430897 0.862092 0.426019 0.283145 0.471439 0.262431 0.287533 0.273980 0.596749 0.144875 0.126644 0.137106 0.941688 0.352362 0.493770 0.253416 0.643835 0.872032 0.757977 0.597362 0.860837 0.571887 0.829971 0.049217 0.374812 0.821568 0.157639 0.963230 0.141341 0.199756 0.691768 0.572138 0.061848 0.117787 0.855183 0.533187 0.380118 0.142717 0.807067 0.976767 0.287491 0.933611 0.113873 0.229179 0.285973 0.607542 0.482495 0.929707 0.479574 0.240472 0.527070 0.340411 0.812259 0.357041 0.389529 0.187071 0.178609 
0.547068 0.150301 0.319850 0.746723 0.841969 0.891888 0.808471 0.959656 0.747071 0.341657 0.339774 0.889688 0.148724 0.316540 0.177179 0.082335 0.430313 0.406258 0.368208 0.037855 0.888652 0.297915 0.517330 0.129124 0.824885 0.857641 0.941283 0.181925 0.247170 0.128353 0.360434 0.794137 0.278554 0.680184 0.540860 0.120524 0.572072 0.349331 0.080180 0.319143 0.690888 0.419854 0.208831 0.839512 0.736294 0.385909 0.921747 0.166607 0.792067 0.289954 0.204363 0.680720 0.587769 0.721592 0.809744 0.412654 0.579234 0.751027 0.594480 0.826304 0.879281 0.954814 0.620441 0.157835 
0.634997 0.161302 0.278259 0.207069 0.510533 0.358338 0.526112 0.201421 0.778092 0.734843 0.040933 0.514386 0.120752 0.962580 0.680893 0.912719 0.252534 0.885155 0.593439 0.840204 0.606748 0.403183 0.252858 0.185982 0.154210 0.847237 0.012285 0.033491 0.802051 0.632626 0.191226 0.437048 0.793828 0.469384 0.644018 0.304360 0.827623 0.170129 0.505681 0.605715 0.904872 0.546514 0.120100 0.025624 0.509093 0.800893 0.938243 0.761528 0.686049 0.531682 0.601731 0.292797 0.934765 0.854489 0.478678 0.088975 0.701727 0.490863 0.122366 0.503778 0.123490 0.313491 0.940726 0.917217 
0.782776 0.584743 0.221577 0.610398 0.754773 0.727158 0.216113 0.659645 0.273672 0.336113 0.685169 0.782665 0.137007 0.623412 0.544193 0.822956 0.155094 0.145924 0.115752 0.089859 0.000413 0.594331 0.178734 0.702040 0.085194 0.301000 0.205817 0.208584 0.614391 0.146543 0.125801 0.397167 0.731187 0.347278 0.007565 0.485959 0.074436 0.223578 0.145604 0.348008 0.559591 0.830673 0.130673 0.696497 0.454085 0.674766 0.519453 0.609079 0.820590 0.635105 0.698838 0.820904 0.229436 0.877472 0.522944 0.314530 0.178472 0.728661 0.523014 0.792763 0.875104 0.648715 0.189930 0.606291 
0.995893 0.197395 0.092250 0.070329 0.420873 0.237755 0.418237 0.980364 0.068428 0.548811 0.676861 0.522413 0.223577 0.196314 0.131491 0.044167 0.831319 0.830229 0.864971 0.060755 0.707701 0.387914 0.375185 0.886072 0.116575 0.898099 0.678836 0.991580 0.546814 0.868666 0.597870 0.542707 0.066061 0.690021 0.612936 0.486833 0.927675 0.031174 0.467197 0.996003 0.579884 0.144058 0.518415 0.803361 0.340272 0.649807 0.847429 0.171591 0.480036 0.712400 0.232247 0.187736 0.100314 0.607332 0.073809 0.216790 0.505431 0.752544 0.208369 0.052245 0.621210 0.806139 0.594852 0.687170 
0.496160 0.207788 0.174004 0.423835 0.238862 0.641101 0.419838 0.818647 0.785059 0.938153 0.622008 0.125331 0.587960 0.469437 0.296822 0.067995 0.181836 0.528969 0.255631 0.282050 0.136301 0.329340 0.498740 0.641632 0.081884 0.707009 0.693777 0.702994 0.513148 0.288629 0.390165 0.009308 0.496318 0.564068 0.433043 0.735080 0.205169 0.852781 0.553727 0.990128 0.790934 0.175735 0.115459 0.378893 0.645071 0.412181 0.446789 0.826808 0.941050 0.702320 0.108858 0.077351 0.031660 0.607498 0.718883 0.113445 0.314507 0.412660 0.816339 0.827555 0.701189 0.206503 0.836763 0.197507 
0.770472 0.269807 0.932487 0.975541 0.122587 0.486214 0.965669 0.913421 0.661848 0.081128 0.292315 0.306920 0.493209 0.739003 0.133727 0.434259 0.441324 0.242485 0.511510 0.472884 0.849883 0.230393 0.586229 0.164390 0.642953 0.402568 0.991845 0.344142 0.608971 0.828609 0.541549 0.379443 0.098415 0.474036 0.354984 0.220903 0.960150 0.320653 0.134324 0.621998 0.401680 0.426539 0.928818 0.894789 0.165542 0.062545 0.329048 0.606765 0.304930 0.840458 0.079649 0.154813 0.070850 0.665778 0.319103 0.713703 0.068345 0.310949 0.057845 0.677216 0.139558 0.599294 0.056659 0.237873 
0.073330 0.411543 0.458676 0.033480 0.732095 0.592900 0.655378 0.133776 0.019438 0.584196 0.028565 0.184880 0.646641 0.357513 0.791546 0.951471 0.197971 0.871095 0.106284 0.268721 0.536873 0.425287 0.982324 0.605118 0.736136 0.040169 0.282335 0.875594 0.639363 0.338894 0.113467 0.712593 0.750337 0.572043 0.745973 0.482432 0.164942 0.401351 0.616108 0.184281 0.985447 0.644573 0.369061 0.632088 0.002086 0.160607 0.583558 0.199957 0.031702 0.689742 0.468578 0.568474 0.115030 0.450903 0.173593 0.851066 0.490971 0.455828 0.726660 0.130334 0.794622 0.840026 0.842827 0.544959 
0.412069 0.588799 0.027391 0.576912 0.990050 0.643399 0.761092 0.975497 0.287972 0.130153 0.607585 0.289959 0.290660 0.191143 0.489816 0.322261 0.880785 0.958294 0.890636 0.995715 0.409197 0.064229 0.846781 0.900068 0.519956 0.573440 0.030402 0.314578 0.413467 0.873129 0.859437 0.825436 0.461929 0.886728 0.402348 0.451979 0.530127 0.163440 0.427476 0.818000 0.293493 0.035061 0.107958 0.584053 0.226104 0.597674 0.906215 0.106889 0.555969 0.796851 0.102604 0.965066 0.860979 0.949285 0.865134 0.380936 0.522725 0.895437 0.695414 0.936092 0.768566 0.554851 0.761528 0.230495 
0.441578 0.163876 0.682374 0.971606 0.327216 0.109850 0.789605 0.620609 0.144811 0.897464 0.204662 0.370814 0.495138 0.110877 0.477603 0.051107 0.907627 0.580107 0.016173 0.768607 0.529392 0.881207 0.149543 0.052116 0.776644 0.844856 0.988108 0.545209 0.399707 0.749636 0.775604 0.841186 0.913412 0.457978 0.812791 0.240627 0.567728 0.602397 0.861136 0.712438 0.499860 0.065798 0.083252 0.994899 0.176575 0.560756 0.046006 0.084202 0.140862 0.062079 0.852709 0.670154 0.943186 0.002252 0.722170 0.719829 0.847008 0.710279 0.265039 0.246715 0.459915 0.040643 0.087901 0.373327 
0.498520 0.900592 0.613854 0.066248 0.502989 0.474990 0.778586 0.002849 0.540688 0.861739 0.997648 0.717163 0.422494 0.043654 0.801266 0.563257 0.105632 0.653975 0.233411 0.048818 0.656126 0.955481 0.768547 0.503135 0.665760 0.033585 0.749750 0.125675 0.074128 0.837551 0.498902 0.572549 0.738143 0.112756 0.638697 0.241132 0.587646 0.417283 0.243881 0.128335 0.279022 0.241529 0.845398 0.701417 0.285083 0.646663 0.264674 0.390615 0.300638 0.497984 0.439333 0.956664 0.453466 0.207880 0.459799 0.119226 0.241365 0.209549 0.244801 0.315393 0.047099 0.743603 0.887842 0.785142 
0.856259 0.526538 0.026274 0.443905 0.943722 0.270055 0.572139 0.222744 0.511484 0.417537 0.924060 0.796466 0.064201 0.188734 0.187081 0.364739 0.686618 0.626314 0.321403 0.140084 0.834093 0.781102 0.259210 0.075458 0.990551 0.503911 0.390751 0.037651 0.247513 0.278593 0.822693 0.103772 0.805031 0.848867 0.547577 0.748753 0.118921 0.119717 0.971396 0.630305 0.537154 0.895456 0.426771 0.601255 0.084190 0.613752 0.965893 0.770708 0.240066 0.287297 0.910692 0.074159 0.068399 0.169902 0.149517 0.058950 0.673712 0.540168 0.096501 0.921126 0.818661 0.919093 0.024898 0.623692 
0.767960 0.572375 0.372445 0.886781 0.691992 0.343841 0.517086 0.229146 0.239298 0.943757 0.830301 0.323388 0.557509 0.796194 0.094096 0.797475 0.083491 0.004788 0.871534 0.151790 0.174590 0.021051 0.210640 0.848203 0.561119 0.307040 0.769328 0.379780 0.226134 0.794127 0.003472 0.993994 0.366502 0.375817 0.880775 0.058494 0.719558 0.397861 0.287540 0.958756 0.341618 0.117840 0.282143 0.899028 0.913935 0.376139 0.696503 0.997325 0.380828 0.568036 0.149115 0.555318 0.588987 0.359655 0.403520 0.150106 0.666595 0.172849 0.529786 0.892629 0.966875 0.533158 0.886623 0.333377 
0.908875 0.767398 0.391771 0.628433 0.165259 0.679211 0.587189 0.506777 0.796952 0.869232 0.405805 0.710886 0.245371 0.102307 0.708212 0.626099 0.670244 0.857227 0.181416 0.259231 0.216882 0.584836 0.409237 0.883377 0.757585 0.938923 0.776006 0.724460 0.472081 0.662629 0.057838 0.380956 0.430026 0.449509 0.009389 0.595185 0.128720 0.596478 0.101962 0.925572 0.465710 0.507667 0.636458 0.710981 0.609874 0.344669 0.337079 0.280118 0.201896 0.518395 0.539249 0.418678 0.103232 0.948386 0.302055 0.860717 0.887309 0.078061 0.585177 0.359390 0.740590 0.642915 0.740246 0.170616 
0.092424 0.749536 0.765701 0.221044 0.346013 0.867564 0.146616 0.811623 0.375231 0.782973 0.522604 0.985005 0.127643 0.859583 0.265123 0.329439 0.377978 0.804273 0.748017 0.481110 0.752659 0.050072 0.341827 0.639968 0.128033 0.926904 0.999258 0.868523 0.569819 0.739505 0.039139 0.662143 0.489040 0.804741 0.883087 0.834954 0.672304 0.029703 0.646577 0.047535 0.812576 0.169180 0.032540 0.940119 0.028763 0.297564 0.269557 0.406641 0.101836 0.017574 0.887651 0.854395 0.067546 0.229478 0.494363 0.195479 0.156382 0.493621 0.064002 0.726102 0.233126 0.103042 0.388245 0.722066 
0.907683 0.271332 0.557019 0.579987 0.300935 0.203596 0.627422 0.113510 0.372676 0.659863 0.053629 0.401339 0.957327 0.323086 0.807880 0.059163 0.340561 0.695531 0.913458 0.408007 0.924909 0.407821 0.603386 0.081292 0.901342 0.667289 0.807293 0.134468 0.770230 0.195538 0.856434 0.677913 0.466770 0.413453 0.257900 0.767605 0.616949 0.885223 0.881015 0.989525 0.545086 0.934544 0.390864 0.502412 0.257631 0.198744 0.561475 0.598091 0.894175 0.474933 0.006098 0.819085 0.882654 0.609384 0.900276 0.783996 0.276673 0.707569 0.918364 0.046903 0.903007 0.774798 0.724716 0.369777 
0.188251 0.982517 0.137382 0.805100 0.867740 0.018397 0.794625 0.412825 0.952841 0.185489 0.915138 0.210471 0.384134 0.476613 0.808463 0.278309 0.951446 0.814461 0.097394 0.834100 0.423845 0.997570 0.618096 0.700417 0.705139 0.536460 0.747221 0.608146 0.311258 0.471937 0.977824 0.499408 0.454454 0.115206 0.304508 0.322194 0.133502 0.099133 0.734919 0.086343 0.284522 0.650057 0.296715 0.668556 0.126670 0.105177 0.946765 0.078116 0.919538 0.044159 0.912116 0.343382 0.041729 0.530212 0.043800 0.746768 0.066672 0.790920 0.354914 0.377830 0.262857 0.332738 0.877138 0.717211 
0.447843 0.181646 0.039405 0.581246 0.280679 0.774224 0.667489 0.565102 0.424281 0.964104 0.233658 0.550851 0.069281 0.180423 0.628866 0.988719 0.224481 0.540982 0.332101 0.266110 0.071194 0.375801 0.012877 0.137766 0.166722 0.367692 0.515496 0.429479 0.700329 0.392634 0.146690 0.148173 0.574180 0.185995 0.729319 0.854760 0.960120 0.396808 0.419861 0.384401 0.360912 0.653419 0.935152 0.430093 0.833741 0.564018 0.418812 0.058223 0.105000 0.750813 0.324232 0.176094 0.126614 0.337010 0.313760 0.293236 0.704601 0.829156 0.722615 0.404931 0.221790 0.869205 0.553004 0.795870 
0.055201 0.282322 0.650630 0.015320 0.679030 0.070491 0.399621 0.039941 0.723810 0.334773 0.469934 0.557552 0.898691 0.888646 0.615674 0.003692 0.639459 0.939807 0.179686 0.765973 0.276817 0.493346 0.059209 0.981318 0.322502 0.781724 0.386249 0.544192 0.650929 0.939153 0.340062 0.706030 0.221475 0.990592 0.721250 0.900405 0.061083 0.120872 0.940246 0.784794 0.455545 0.410180 0.342345 0.354236 0.298826 0.957920 0.357828 0.938185 0.897727 0.537413 0.704158 0.174544 0.030759 0.763266 0.155862 0.353160 0.544990 0.542011 0.897252 0.195919 0.481164 0.237314 0.901849 0.702538 
0.227906 0.623099 0.602943 0.288889 0.743870 0.543189 0.073683 0.199415 0.953270 0.415929 0.553551 0.252096 0.373849 0.911279 0.190280 0.271575 0.448692 0.894338 0.446019 0.479351 0.657604 0.601781 0.832411 0.202594 0.143792 0.729663 0.398413 0.624855 0.966877 0.300261 0.327394 0.194783 0.923260 0.930237 0.483572 0.667131 0.473426 0.557155 0.866446 0.426696 0.972984 0.419997 0.678691 0.346832 0.331275 0.868872 0.618308 0.779867 0.763210 0.064327 0.259218 0.420814 0.666008 0.091629 0.623308 0.809699 0.821192 0.021721 0.434555 0.788069 0.321882 0.761848 0.982751 0.245143 
0.692085 0.466324 0.912173 0.165511 0.023479 0.778619 0.592107 0.996363 0.198615 0.270798 0.343195 0.529791 0.139670 0.961403 0.309658 0.902780 0.025729 0.568776 0.323594 0.691637 0.660306 0.946802 0.501336 0.481498 0.968422 0.935791 0.269566 0.290305 0.697639 0.252318 0.535347 0.389724 0.718541 0.447521 0.555135 0.741920 0.226139 0.147242 0.738283 0.424655 0.417940 0.081478 0.954346 0.557510 0.042880 0.264004 0.460290 0.068509 0.832680 0.783783 0.760046 0.492986 0.730585 0.261382 0.974383 0.699007 0.197173 0.243950 0.989212 0.894712 0.496167 0.524560 0.284436 0.214709 
0.971980 0.839471 0.956529 0.198119 0.986613 0.694812 0.622674 0.404553 0.776189 0.577020 0.961963 0.818969 0.840923 0.422253 0.887379 0.673604 0.206036 0.647425 0.166589 0.936521 0.908707 0.140973 0.635528 0.105881 0.384822 0.624741 0.000593 0.880889 0.149300 0.284929 0.095598 0.121281 0.124401 0.052127 0.319300 0.111014 0.746839 0.941874 0.515467 0.523028 0.518894 0.477431 0.341997 0.359817 0.899583 0.229376 0.033421 0.105619 0.876701 0.199910 0.042140 0.785409 0.340783 0.677569 0.891189 0.725505 0.302310 0.891682 0.606394 0.451510 0.176612 0.701892 0.572690 0.300913 
0.753919 0.891890 0.411827 0.500758 0.833764 0.927194 0.023786 0.352658 0.404625 0.365683 0.712375 0.304208 0.594960 0.745696 0.409728 0.471661 0.945506 0.451768 0.257070 0.286288 0.129337 0.148259 0.011793 0.431546 0.039942 0.618087 0.882956 0.216454 0.319979 0.455647 0.517266 0.073899 0.347537 0.928993 0.574557 0.181301 0.856187 0.598243 0.533859 0.260812 0.963826 0.246234 0.564920 0.558785 0.991830 0.974548 0.030446 0.937336 0.426316 0.287416 0.223624 0.555552 0.435576 0.235317 0.986999 0.475417 0.853305 0.869955 0.691771 0.173284 0.325602 0.209037 0.247083 0.673039 
0.138030 0.821540 0.854240 0.994118 0.419782 0.388099 0.254930 0.383608 0.634233 0.819750 0.942293 0.626063 0.794297 0.972640 0.563399 0.220613 0.260056 0.786924 0.776065 0.695531 0.022241 0.763064 0.170949 0.875446 0.633019 0.862620 0.048730 0.958521 0.071657 0.295713 0.631559 0.209588 0.117252 0.485799 0.203705 0.536934 0.873798 0.458535 0.920442 0.508031 0.278284 0.862735 0.134095 0.072581 0.835375 0.697394 0.293094 0.095431 0.484318 0.069159 0.790862 0.506459 0.832123 0.961711 0.381904 0.465143 0.824331 0.430534 0.423664 0.895888 0.726147 0.055223 0.105476 0.843300 
0.540922 0.309081 0.380234 0.414720 0.767516 0.300676 0.922652 0.045800 0.163411 0.056746 0.118282 0.998686 0.754040 0.411276 0.094117 0.238358 0.480335 0.884880 0.744717 0.312459 0.846591 0.126621 0.777501 0.670922 0.557055 0.201165 0.566811 0.283203 0.256288 0.672187 0.126502 0.797110 0.981168 0.506636 0.211830 0.748684 0.807212 0.134482 0.794385 0.970523 0.191129 0.912567 0.969210 0.945069 0.323843 0.063327 0.183427 0.804078 0.948107 0.928043 0.116537 0.794698 0.054664 0.893938 0.465621 0.611620 0.095103 0.032431 0.894722 0.351291 0.704518 0.021224 0.148401 0.685687 
0.527760 0.360132 0.434371 0.334972 0.494514 0.228756 0.305495 0.685542 0.141322 0.274705 0.630611 0.465065 0.337933 0.813938 0.269143 0.286040 0.741981 0.385580 0.080738 0.796545 0.279518 0.546258 0.408165 0.374521 0.578590 0.302887 0.725712 0.283108 0.324011 0.874013 0.968695 0.851671 0.234144 0.403066 0.186643 0.728558 0.631722 0.492039 0.414100 0.772944 0.766644 0.044711 0.238009 0.104577 0.858549 0.507052 0.390516 0.600530 0.892532 0.471154 0.397075 0.172050 0.017413 0.805140 0.546470 0.595902 0.108027 0.272182 0.878911 0.431938 0.146195 0.847606 0.283609 0.380239 
0.250672 0.470153 0.108797 0.882294 0.962092 0.522797 0.655238 0.728736 0.567408 0.893147 0.833213 0.425957 0.400200 0.223729 0.026487 0.292732 0.694784 0.423462 0.464681 0.712096 0.228601 0.011151 0.307998 0.336528 0.283233 0.186909 0.768366 0.429328 0.034515 0.051976 0.809466 0.285087 0.522029 0.918163 0.167381 0.484120 0.440960 0.822519 0.212857 0.008368 0.715666 0.046070 0.434224 0.115866 0.269699 0.460611 0.408498 0.964383 0.883972 0.873079 0.676479 0.112574 0.884130 0.984377 0.449002 0.167363 0.171286 0.217368 0.596591 0.205701 0.269244 0.406057 0.490688 0.791172 
0.324220 0.657969 0.275293 0.765080 0.480488 0.488049 0.773348 0.196154 0.534019 0.207572 0.311920 0.803618 0.668083 0.720318 0.768001 0.552055 0.593397 0.444479 0.664529 0.477527 0.428857 0.113531 0.644790 0.600043 0.330799 0.241380 0.805644 0.599943 0.647338 0.296333 0.391115 0.971458 0.954202 0.666307 0.736538 0.434690 0.154356 0.509885 0.630744 0.688275 0.717357 0.942564 0.491893 0.385440 0.662883 0.259894 0.937395 0.256279 0.704273 0.601924 0.733706 0.133130 0.715355 0.378496 0.733073 0.046153 0.619776 0.538717 0.645996 0.267114 0.834950 0.037111 0.238572 0.789152 
0.703318 0.975009 0.223841 0.857574 0.484894 0.854485 0.545850 0.202252 0.797049 0.037743 0.587591 0.459932 0.297536 0.524986 0.716111 0.001809 0.126910 0.449817 0.134839 0.842165 0.828213 0.867812 0.888218 0.447990 0.406529 0.534214 0.715004 0.241479 0.571225 0.953475 0.030631 0.274543 0.928484 0.254372 0.132117 0.413379 0.108857 0.677867 0.615530 0.905806 0.715509 0.203122 0.365738 0.013046 0.728008 0.081850 0.014755 0.854818 0.531567 0.149494 0.696983 0.359781 0.017306 0.585202 0.807670 0.423735 0.119416 0.522674 0.665114 0.690541 0.476149 0.695645 0.964984 0.404633 
0.949917 0.097101 0.817912 0.058773 0.774868 0.433442 0.964480 0.490377 0.636464 0.330218 0.503323 0.364472 0.411968 0.517978 0.219291 0.943435 0.667372 0.916174 0.303216 0.684578 0.501376 0.110886 0.108313 0.620692 0.633460 0.773327 0.311233 0.109608 0.468972 0.276217 0.514142 0.418888 0.373218 0.332054 0.477562 0.148086 0.765396 0.442042 0.638363 0.401860 0.772160 0.141685 0.766233 0.184128 0.659563 0.985423 0.127563 0.326935 0.901597 0.430679 0.011513 0.402973 0.541465 0.119726 0.023665 0.174924 0.892953 0.334798 0.284433 0.361924 0.610915 0.798475 0.780712 0.984032 
0.130528 0.258274 0.132118 0.895824 0.700216 0.770381 0.297685 0.472376 0.911966 0.063917 0.656403 0.571529 0.049340 0.783866 0.898365 0.950838 0.214545 0.909777 0.353811 0.755910 0.029503 0.377376 0.930734 0.922356 0.712074 0.215167 0.284280 0.322989 0.013642 0.064992 0.307021 0.144070 0.323167 0.439039 0.039894 0.023382 0.209420 0.337479 0.495658 0.121386 0.401296 0.152061 0.692815 0.450536 0.935828 0.591180 0.401374 0.150373 0.500957 0.755085 0.906183 0.530360 0.132461 0.836917 0.452716 0.844436 0.052084 0.736896 0.167424 0.065625 0.801789 0.474346 0.209595 0.124955 
0.913285 0.249390 0.148238 0.122705 0.586769 0.643796 0.243991 0.987965 0.795757 0.936706 0.438501 0.731585 0.527886 0.839775 0.881857 0.028843 0.594860 0.788040 0.559104 0.727221 0.624957 0.011820 0.571657 0.676940 0.748616 0.738981 0.742466 0.550405 0.213327 0.951961 0.675260 0.126612 0.201351 0.823398 0.249217 0.788020 0.467193 0.493108 0.775984 0.262950 0.429814 0.214485 0.994435 0.957600 0.054260 0.876292 0.986343 0.649020 0.664332 0.545447 0.376241 0.289289 0.557166 0.947798 0.966129 0.305782 0.686780 0.708595 0.856087 0.900007 0.660556 0.531347 0.026619 0.861807 
0.354744 0.275736 0.649827 0.821837 0.768744 0.425811 0.084787 0.198558 0.640196 0.079222 0.156157 0.694355 0.955414 0.142500 0.343375 0.619746 0.687847 0.719516 0.908935 0.245013 0.667315 0.875064 0.550696 0.354095 0.583658 0.406782 0.254102 0.244214 0.938029 0.280621 0.106021 0.292773 0.556257 0.755748 0.114610 0.325001 0.181559 0.199298 0.523459 0.821654 0.278420 0.679516 0.516009 0.233835 0.821917 0.859285 0.853481 0.509763 0.578801 0.762416 0.754677 0.246116 0.637479 0.305372 0.600110 0.221138 0.712055 0.854112 0.465252 0.650084 0.134733 0.571174 0.942757 0.690890 
0.326922 0.057367 0.015891 0.508381 0.256565 0.539250 0.330035 0.534886 0.218766 0.845944 0.768620 0.040683 0.705229 0.622101 0.550346 0.284030 0.384517 0.305023 0.530046 0.021996 0.610295 0.130156 0.243034 0.322350 0.984168 0.708186 0.972334 0.118900 0.279360 0.915091 0.809690 0.606182 0.972358 0.825481 0.114563 0.228923 0.364731 0.444497 0.763709 0.583397 0.290442 0.532329 0.623980 0.995571 0.154430 0.174326 0.279600 0.538847 0.479249 0.809546 0.560743 0.089544 0.939602 0.803677 0.411794 0.923769 0.511863 0.384128 0.042670 0.791124 0.299219 0.852260 0.397306 0.271576 
0.677741 0.511768 0.500400 0.042472 0.956166 0.264108 0.625769 0.246607 0.796337 0.249749 0.242178 0.950667 0.423976 0.521678 0.489514 0.903125 0.331224 0.050257 0.992569 0.270826 0.853834 0.404364 0.194595 0.365697 0.788392 0.237165 0.156821 0.087611 0.089425 0.554026 0.359087 0.767066 0.065795 0.859387 0.809438 0.021960 0.123495 0.435208 0.268468 0.919732 0.684857 0.510546 0.870399 0.108833 0.032224 0.359913 0.011958 0.363348 0.410069 0.004527 0.634074 0.263903 0.408791 0.828570 0.629500 0.197183 0.065735 0.786220 0.284694 0.155060 0.340246 0.643681 0.922026 0.405941 
0.503068 0.731464 0.427801 0.626463 0.166672 0.696169 0.546195 0.851429 0.206715 0.416594 0.960162 0.238839 0.776407 0.972020 0.602088 0.186476 0.976448 0.236162 0.450279 0.385239 0.064732 0.079779 0.582322 0.130367 0.865899 0.866916 0.285326 0.206146 0.510598 0.207352 0.611987 0.013666 0.938716 0.039788 0.640028 0.105388 0.735858 0.186223 0.956717 0.942473 0.602718 0.916879 0.181312 0.379125 0.888899 0.783300 0.565501 0.865347 0.019462 0.015780 0.250586 0.084094 0.095459 0.832809 0.214360 0.961258 0.699725 0.499586 0.167404 0.210323 0.706838 0.779290 0.223888 0.645554 
0.818979 0.863817 0.750841 0.554836 0.050040 0.707558 0.497309 0.652658 0.624437 0.678521 0.031782 0.513337 0.461820 0.597183 0.378684 0.481182 0.612863 0.629170 0.565176 0.708222 0.461979 0.779436 0.669480 0.161704 0.279022 0.836784 0.371927 0.985760 0.616074 0.595715 0.631314 0.435053 0.459532 0.382156 0.989789 0.509472 0.089714 0.487098 0.162130 0.714052 0.165618 0.193813 0.227389 0.627339 0.790896 0.605973 0.108521 0.403760 0.235143 0.673597 0.111982 0.697022 0.453033 0.781362 0.858626 0.731955 0.618146 0.230553 0.717716 0.234221 0.826168 0.349030 0.669174 0.285700 
