0.840204 0.394443 0.783121 0.798460 0.911656 0.197632 0.335289 0.768253 0.277847 0.554015 0.477449 0.628908 0.364848 0.513450 0.952235 0.916203 0.635748 0.717325 0.141688 0.607008 0.016399 0.242962 0.137318 0.804196 0.156763 0.401004 0.129877 0.108898 0.998925 0.218335 0.512981 0.839128 0.612679 0.296102 0.637589 0.524335 0.493634 0.972778 0.292588 0.771381 0.526792 0.769937 0.400289 0.891540 0.283386 0.352523 0.807744 0.919035 0.069848 0.949332 0.526043 0.086147 0.192295 0.663261 0.890244 0.348958 0.064265 0.020121 0.457756 0.063190 0.238356 0.970637 0.902218 0.850935 
0.266739 0.539806 0.375269 0.760273 0.512584 0.667757 0.531653 0.039376 0.437694 0.931842 0.930817 0.720980 0.284365 0.738560 0.640015 0.354113 0.687893 0.166058 0.440161 0.880087 0.829218 0.330404 0.229045 0.893383 0.350425 0.686701 0.956473 0.588681 0.657338 0.858690 0.439616 0.923977 0.398497 0.814785 0.684250 0.910981 0.482542 0.215903 0.950257 0.920136 0.147745 0.881074 0.641116 0.432010 0.619635 0.281131 0.786023 0.307527 0.447089 0.226184 0.187614 0.276307 0.556488 0.416560 0.169690 0.906813 0.103261 0.126163 0.495495 0.760499 0.984753 0.935010 0.684477 0.383250 
0.749796 0.368727 0.294231 0.232338 0.584530 0.244488 0.152475 0.732175 0.125562 0.793491 0.164186 0.745097 0.074622 0.950109 0.052624 0.521611 0.176293 0.240138 0.797818 0.732681 0.656598 0.967408 0.639494 0.759759 0.093571 0.134989 0.520258 0.078324 0.069999 0.204735 0.461474 0.819695 0.573361 0.755605 0.052034 0.157891 0.999994 0.204408 0.889967 0.125556 0.997799 0.054152 0.870553 0.072422 0.004261 0.923077 0.593933 0.180454 0.163215 0.391751 0.913035 0.819713 0.359159 0.552530 0.579472 0.452631 0.687419 0.099730 0.530855 0.757318 0.304365 0.992229 0.577013 0.877626 
0.747835 0.628947 0.035517 0.747828 0.833255 0.925384 0.873284 0.831054 0.979436 0.743837 0.903376 0.983597 0.666914 0.497309 0.164052 0.830029 0.888960 0.077087 0.649742 0.248119 0.629517 0.229214 0.700650 0.316935 0.328844 0.231505 0.074254 0.633109 0.223734 0.651167 0.510735 0.971469 0.280114 0.546152 0.719297 0.113369 0.471536 0.592581 0.944324 0.450972 0.336417 0.847700 0.434570 0.003331 0.345008 0.598521 0.833260 0.233968 0.675508 0.483002 0.481988 0.305025 0.712116 0.182638 0.621861 0.040960 0.414042 0.696014 0.673969 0.637676 0.347181 0.184704 0.609145 0.627195 
0.730756 0.328442 0.740464 0.202293 0.920922 0.684788 0.653165 0.257340 0.532488 0.087735 0.260571 0.877396 0.686156 0.093831 0.111365 0.361665 0.576733 0.593252 0.666590 0.288849 0.775790 0.288451 0.329709 0.189832 0.984365 0.003678 0.827408 0.331546 0.188282 0.436553 0.958641 0.918938 0.764895 0.699105 0.121231 0.685817 0.383894 0.774296 0.943057 0.916281 0.861931 0.203628 0.793677 0.548087 0.297359 0.904942 0.909652 0.873992 0.498194 0.576242 0.162840 0.273984 0.864593 0.492450 0.463716 0.848957 0.496028 0.291124 0.180503 0.684210 0.727578 0.139144 0.603149 0.492472 
0.838150 0.724280 0.178290 0.222043 0.498576 0.121347 0.138325 0.360507 0.324875 0.931902 0.908494 0.622133 0.836844 0.818146 0.496125 0.335038 0.394388 0.658865 0.608922 0.258980 0.151315 0.072638 0.107937 0.647243 0.363662 0.288341 0.331453 0.091239 0.427385 0.934501 0.583612 0.265535 0.658781 0.761802 0.487478 0.157356 0.883048 0.625703 0.517763 0.207923 0.557605 0.426257 0.829956 0.394449 0.244403 0.326081 0.729387 0.638690 0.984846 0.338309 0.897571 0.136161 0.410847 0.005508 0.783304 0.774409 0.293749 0.114756 0.865548 0.721034 0.049258 0.449160 0.986468 0.707938 
0.210962 0.473947 0.865195 0.094010 0.099649 0.382958 0.301833 0.657154 0.809114 0.131789 0.051603 0.053517 0.457770 0.780890 0.692107 0.442616 0.119199 0.589678 0.578677 0.529946 0.595086 0.361981 0.304355 0.888734 0.476637 0.169903 0.609768 0.525795 0.618963 0.596237 0.233733 0.829825 0.070183 0.098928 0.923735 0.169733 0.481785 0.225568 0.826787 0.290900 0.357257 0.878290 0.344317 0.814927 0.659180 0.036424 0.257543 0.778280 0.626002 0.836120 0.308226 0.221087 0.198101 0.612481 0.109822 0.674638 0.782284 0.719490 0.200432 0.401248 0.315726 0.434065 0.231073 0.385810 
0.532893 0.154808 0.555442 0.014678 0.380277 0.382229 0.305477 0.737434 0.260519 0.649694 0.552361 0.919599 0.686018 0.809804 0.697878 0.312019 0.645924 0.006104 0.533007 0.843925 0.618485 0.642728 0.518563 0.400769 0.362218 0.718895 0.801917 0.677845 0.152961 0.032989 0.063654 0.685753 0.187698 0.618996 0.700331 0.567874 0.001225 0.005809 0.305308 0.261644 0.655403 0.857569 0.181243 0.341420 0.667374 0.879022 0.653340 0.313298 0.885026 0.186346 0.157223 0.503511 0.828974 0.675686 0.904180 0.191193 0.394582 0.706096 0.868937 0.547442 0.738985 0.932491 0.233196 0.926583 
0.551488 0.933427 0.494457 0.552613 0.939135 0.799666 0.814157 0.594538 0.657235 0.995300 0.935858 0.324609 0.874322 0.589198 0.637807 0.759348 0.775444 0.794931 0.262858 0.604418 0.470617 0.167038 0.795511 0.865099 0.873034 0.664448 0.412541 0.612020 0.596939 0.645637 0.538603 0.148427 0.579064 0.033060 0.700940 0.518199 0.832626 0.515098 0.112737 0.489861 0.510398 0.048595 0.814370 0.384720 0.637693 0.452177 0.144068 0.413137 0.247108 0.406826 0.017555 0.717625 0.573764 0.812966 0.582724 0.446798 0.477414 0.995165 0.058817 0.074353 0.640802 0.597320 0.222680 0.219866 
0.630280 0.923520 0.737965 0.462906 0.438618 0.850601 0.952667 0.948916 0.899096 0.767037 0.333636 0.536789 0.219214 0.477603 0.949825 0.466222 0.884329 0.967280 0.183847 0.458093 0.780246 0.766471 0.904791 0.257660 0.761636 0.963508 0.331913 0.402439 0.560828 0.554493 0.622204 0.191109 0.478013 0.360169 0.653915 0.916531 0.210770 0.606582 0.865447 0.109867 0.373618 0.199083 0.646556 0.592733 0.676586 0.596381 0.058955 0.560916 0.563661 0.242702 0.019009 0.343907 0.009173 0.923700 0.601467 0.770709 0.887208 0.933279 0.173147 0.448037 0.487772 0.795252 0.639045 0.965685 
0.155421 0.292960 0.882216 0.366091 0.899441 0.747663 0.475858 0.273060 0.946646 0.122414 0.865692 0.623232 0.718694 0.924547 0.184148 0.282356 0.167249 0.203057 0.626163 0.176321 0.126757 0.227629 0.946930 0.013965 0.160908 0.120077 0.461902 0.648580 0.915229 0.100947 0.614265 0.070650 0.393807 0.496481 0.436641 0.293248 0.244144 0.912399 0.566208 0.190790 0.034813 0.431900 0.813922 0.753407 0.356447 0.997970 0.035763 0.523596 0.201027 0.661825 0.699817 0.327683 0.889355 0.646747 0.341548 0.050263 0.766724 0.803350 0.698743 0.681954 0.904197 0.313008 0.752503 0.298003 
0.809390 0.189145 0.591151 0.053534 0.101544 0.157359 0.244224 0.136257 0.589160 0.058146 0.889564 0.945507 0.056117 0.925227 0.469103 0.257043 0.587053 0.168920 0.584627 0.476407 0.815567 0.926075 0.526570 0.582292 0.729425 0.225313 0.264245 0.633621 0.538221 0.016749 0.931525 0.347611 0.205794 0.522676 0.401045 0.307238 0.679936 0.645169 0.443395 0.269095 0.703216 0.332959 0.214603 0.759233 0.258186 0.683606 0.016276 0.845138 0.852426 0.600803 0.321545 0.667993 0.526878 0.848015 0.250285 0.256302 0.073328 0.514431 0.889824 0.611450 0.531080 0.821349 0.958961 0.736773 
0.344025 0.360006 0.044011 0.023961 0.005176 0.487305 0.292956 0.708292 0.820164 0.507459 0.467524 0.078350 0.191064 0.483700 0.923388 0.043490 0.084503 0.244934 0.711384 0.611280 0.092949 0.961569 0.867482 0.166177 0.476000 0.757306 0.777527 0.007079 0.578655 0.736488 0.743753 0.922580 0.096494 0.787664 0.946441 0.101570 0.274969 0.239397 0.809762 0.095133 0.746756 0.277286 0.173383 0.937720 0.760886 0.096772 0.981110 0.845288 0.341606 0.692494 0.456569 0.434455 0.654063 0.324051 0.600532 0.130063 0.081357 0.378059 0.137042 0.659912 0.114548 0.880695 0.582491 0.210942 
0.668359 0.528932 0.312412 0.943228 0.768229 0.122174 0.038361 0.514984 0.399360 0.211644 0.452705 0.160246 0.308316 0.433815 0.005534 0.649822 0.126309 0.462003 0.084276 0.780272 0.785954 0.684708 0.910235 0.867211 0.062768 0.047278 0.527122 0.177215 0.927873 0.109614 0.388057 0.596232 0.638446 0.700370 0.539459 0.406674 0.822444 0.577720 0.921559 0.221804 0.789265 0.374263 0.381949 0.097581 0.807978 0.387384 0.747302 0.934188 0.849287 0.831479 0.714460 0.635240 0.516187 0.624696 0.502451 0.578855 0.671874 0.029573 0.755970 0.599747 0.139087 0.144027 0.195978 0.777432 
0.844297 0.735338 0.184107 0.666740 0.313058 0.105666 0.888444 0.102323 0.479829 0.270393 0.199804 0.287808 0.657677 0.947006 0.221995 0.506964 0.778485 0.936356 0.142204 0.294672 0.561051 0.644555 0.873426 0.232925 0.674029 0.629396 0.832571 0.813016 0.773324 0.028550 0.590448 0.617620 0.763787 0.774455 0.284361 0.076846 0.880021 0.172805 0.179069 0.359850 0.443098 0.378773 0.647557 0.100776 0.325779 0.869453 0.607640 0.104264 0.805808 0.749744 0.398836 0.366860 0.394299 0.272262 0.599684 0.068328 0.901558 0.432256 0.881244 0.674882 0.460706 0.471692 0.292503 0.224493 
0.246147 0.576763 0.301239 0.126167 0.749468 0.480207 0.485917 0.192567 0.858880 0.133475 0.293242 0.184659 0.002928 0.900782 0.288823 0.808636 0.650526 0.687558 0.175496 0.044825 0.959720 0.775080 0.113053 0.861279 0.207336 0.994197 0.536161 0.667942 0.465888 0.828563 0.892335 0.711935 0.405327 0.193573 0.838002 0.154795 0.673681 0.323919 0.347262 0.532561 0.457294 0.640404 0.717120 0.460121 0.541185 0.005943 0.268757 0.191711 0.693401 0.444153 0.236436 0.653121 0.219233 0.349389 0.514400 0.426469 0.343586 0.050561 0.094410 0.809374 0.879025 0.986645 0.521309 0.284352 
0.180218 0.359311 0.439047 0.853799 0.683130 0.786208 0.386360 0.140424 0.426612 0.103480 0.600445 0.967697 0.109322 0.869103 0.159408 0.802623 0.313256 0.395745 0.455745 0.532389 0.745034 0.970045 0.958758 0.088619 0.020606 0.053168 0.897893 0.899531 0.039813 0.419202 0.183882 0.219931 0.778413 0.622829 0.073730 0.461543 0.409037 0.459991 0.601867 0.835549 0.563370 0.202312 0.803246 0.672593 0.071415 0.962555 0.475216 0.384571 0.358299 0.930861 0.916859 0.103333 0.900906 0.875617 0.191853 0.921413 0.928685 0.089746 0.820944 0.968398 0.508848 0.004826 0.188329 0.287261 
0.627555 0.261960 0.748703 0.036592 0.721850 0.350570 0.872041 0.285221 0.552782 0.675288 0.957714 0.624097 0.637842 0.432930 0.008668 0.996042 0.363791 0.925427 0.099375 0.264697 0.801044 0.291128 0.186110 0.729729 0.380774 0.007053 0.698126 0.889522 0.011780 0.886356 0.176783 0.639235 0.148315 0.925386 0.675727 0.870066 0.275956 0.547768 0.155286 0.828639 0.223056 0.113000 0.452736 0.860798 0.545830 0.461304 0.856840 0.909521 0.386731 0.956115 0.174218 0.187774 0.247243 0.360228 0.917403 0.627917 0.367182 0.615529 0.517439 0.378861 0.501885 0.694122 0.018096 0.650101 
0.619508 0.693723 0.520166 0.895364 0.241491 0.675353 0.724003 0.464446 0.788253 0.176739 0.325245 0.334082 0.637942 0.182085 0.243603 0.024673 0.138200 0.417722 0.212347 0.385343 0.777850 0.129750 0.013260 0.145032 0.745180 0.530599 0.523793 0.247065 0.224721 0.541789 0.897066 0.844129 0.235512 0.417232 0.739493 0.476902 0.092584 0.463496 0.941249 0.880737 0.640134 0.266493 0.214819 0.278077 0.448478 0.458323 0.302650 0.586578 0.875944 0.514897 0.971821 0.653794 0.644548 0.984981 0.798726 0.389728 0.515580 0.322519 0.636693 0.740201 0.864208 0.533758 0.584330 0.099719 
0.950890 0.323822 0.576522 0.043475 0.787218 0.517770 0.924112 0.427353 0.784164 0.138931 0.705329 0.232642 0.597154 0.007979 0.819120 0.473098 0.522777 0.790941 0.126893 0.167324 0.775922 0.925519 0.556952 0.291502 0.248038 0.193645 0.031703 0.112245 0.727303 0.615933 0.211865 0.678193 0.939655 0.788286 0.721568 0.726873 0.306057 0.645680 0.154226 0.090221 0.784511 0.859455 0.322762 0.381664 0.867335 0.141882 0.854663 0.390111 0.932723 0.981455 0.557336 0.708645 0.906974 0.114288 0.000147 0.155011 0.307832 0.031750 0.267157 0.035135 0.647583 0.478921 0.713229 0.587238 
0.267208 0.434796 0.314112 0.573165 0.080476 0.468238 0.663285 0.864887 0.327693 0.985948 0.246551 0.195028 0.127830 0.101214 0.585039 0.060553 0.082669 0.142375 0.769098 0.989542 0.256563 0.769144 0.144554 0.564295 0.800795 0.411610 0.599331 0.448377 0.890431 0.312559 0.035616 0.157639 0.747256 0.349628 0.730703 0.827632 0.817765 0.393989 0.692518 0.145459 0.379936 0.938969 0.340387 0.507666 0.040183 0.925326 0.568119 0.122752 0.067701 0.337217 0.112294 0.324164 0.106361 0.256748 0.888359 0.907056 0.668258 0.487690 0.355433 0.558689 0.800149 0.390949 0.716228 0.547405 
0.740476 0.446931 0.375037 0.558242 0.840820 0.067556 0.703600 0.220756 0.006525 0.043987 0.728323 0.046608 0.969213 0.296442 0.169260 0.036914 0.633559 0.281454 0.360978 0.739820 0.538102 0.249337 0.646876 0.206359 0.736927 0.002309 0.764948 0.537077 0.393158 0.481176 0.084482 0.133634 0.928007 0.459419 0.691776 0.768827 0.526874 0.395376 0.989484 0.533299 0.439263 0.717807 0.579807 0.408476 0.014249 0.748967 0.445290 0.647708 0.030421 0.806168 0.387528 0.568423 0.055505 0.034403 0.774682 0.792332 0.036612 0.539630 0.329409 0.429670 0.020806 0.413790 0.563205 0.948713 
0.873109 0.254981 0.717541 0.399984 0.650257 0.707025 0.933183 0.089521 0.424831 0.512990 0.497897 0.438980 0.261957 0.943087 0.086688 0.292278 0.749255 0.474115 0.860601 0.804660 0.508419 0.635283 0.596992 0.544931 0.174913 0.926301 0.974501 0.195619 0.340092 0.537706 0.144332 0.213201 0.792587 0.861773 0.613084 0.442844 0.568797 0.546267 0.532265 0.993528 0.059257 0.030162 0.432508 0.321115 0.973149 0.519096 0.613293 0.722404 0.993111 0.473894 0.527065 0.501530 0.109176 0.124057 0.046461 0.283989 0.050358 0.020962 0.479507 0.390350 0.558568 0.623739 0.603451 0.351155 
0.485512 0.216535 0.793899 0.054309 0.762703 0.326164 0.047837 0.821860 0.356226 0.480245 0.142974 0.329376 0.999241 0.756167 0.051780 0.992352 0.230061 0.578745 0.493882 0.339137 0.702702 0.540242 0.623026 0.752960 0.561104 0.102533 0.143310 0.119672 0.726172 0.746661 0.470727 0.211683 0.963096 0.264626 0.265892 0.725798 0.590690 0.313629 0.547658 0.946817 0.793774 0.690533 0.276192 0.793015 0.446700 0.327872 0.785368 0.676661 0.906517 0.279250 0.015798 0.609219 0.819392 0.638723 0.362178 0.380496 0.741156 0.505388 0.500069 0.467327 0.252049 0.970696 0.678911 0.215145 
0.235322 0.944702 0.940843 0.825912 0.258331 0.488501 0.772729 0.052105 0.179034 0.048921 0.845020 0.625634 0.376693 0.630388 0.302295 0.283210 0.909538 0.317992 0.892329 0.728930 0.956615 0.254507 0.109426 0.697771 0.759795 0.609395 0.165099 0.011844 0.580090 0.843909 0.226889 0.815312 0.788612 0.167732 0.641224 0.046943 0.656133 0.413953 0.098948 0.835067 0.462774 0.943868 0.460700 0.839367 0.574256 0.762895 0.122577 0.483794 0.080887 0.014905 0.212724 0.037503 0.269312 0.322050 0.735174 0.029108 0.931345 0.900173 0.040852 0.511435 0.744082 0.267641 0.326747 0.532693 
0.435272 0.967871 0.579536 0.091405 0.381824 0.678384 0.926372 0.844498 0.622252 0.387072 0.683864 0.196508 0.149967 0.806341 0.680202 0.230754 0.821147 0.892826 0.268157 0.090459 0.214876 0.003331 0.119467 0.146221 0.903403 0.160219 0.657556 0.647485 0.427759 0.984203 0.180178 0.862932 0.952075 0.759614 0.954237 0.333898 0.437998 0.880608 0.178396 0.060250 0.267681 0.862160 0.256658 0.417548 0.668502 0.936760 0.648202 0.489648 0.829586 0.916259 0.580007 0.044462 0.919490 0.699374 0.190582 0.822893 0.859493 0.848038 0.470378 0.287252 0.832242 0.650456 0.150184 0.784316 
0.410070 0.104421 0.118215 0.847968 0.984929 0.296511 0.908118 0.252609 0.158671 0.164776 0.670057 0.827073 0.101535 0.318259 0.316721 0.931021 0.234518 0.896629 0.975383 0.154007 0.596003 0.165965 0.976800 0.455496 0.014004 0.447178 0.742648 0.846145 0.097634 0.892732 0.630461 0.507604 0.997053 0.748576 0.355572 0.981982 0.045087 0.263690 0.234591 0.203658 0.428366 0.904548 0.030731 0.529801 0.222807 0.347352 0.460822 0.457225 0.243981 0.436205 0.611132 0.839884 0.602070 0.587932 0.295380 0.615974 0.035110 0.038028 0.462119 0.132644 0.930660 0.092580 0.640149 0.927713 
0.841056 0.995621 0.909695 0.886042 0.259311 0.144286 0.089700 0.687577 0.048834 0.120331 0.217378 0.271541 0.467583 0.678100 0.728666 0.711463 0.114305 0.339798 0.551347 0.716275 0.927630 0.846627 0.332249 0.962641 0.884555 0.794268 0.095285 0.815215 0.886748 0.735334 0.742928 0.727804 0.730954 0.652623 0.613846 0.990166 0.796808 0.703446 0.677742 0.845542 0.823677 0.895020 0.117083 0.291259 0.573120 0.845648 0.002722 0.687325 0.185446 0.553969 0.403600 0.113077 0.400596 0.735749 0.075717 0.285151 0.530017 0.170902 0.100366 0.416764 0.906136 0.843195 0.144568 0.637090 
0.495818 0.758314 0.627256 0.292626 0.461760 0.304998 0.138168 0.285436 0.200018 0.255151 0.576595 0.773038 0.100799 0.579218 0.460363 0.286146 0.133187 0.863864 0.399122 0.533683 0.599613 0.474740 0.818734 0.129629 0.645542 0.919000 0.546294 0.551678 0.762195 0.690762 0.188768 0.258013 0.449075 0.815924 0.550539 0.910735 0.120922 0.688607 0.196171 0.320840 0.943658 0.772666 0.093878 0.044457 0.351884 0.554142 0.330503 0.484971 0.418005 0.729526 0.018654 0.017618 0.204265 0.837288 0.147147 0.849707 0.756289 0.693341 0.401385 0.518484 0.384103 0.590053 0.776396 0.833078 
0.405977 0.326935 0.743813 0.526799 0.015542 0.939885 0.847539 0.959100 0.712551 0.941317 0.003558 0.064435 0.495458 0.333961 0.549306 0.913364 0.063486 0.567860 0.930882 0.267652 0.405148 0.078029 0.117359 0.161437 0.771271 0.518644 0.679820 0.155373 0.108697 0.456217 0.988352 0.514573 0.783052 0.732165 0.041372 0.798495 0.672050 0.888810 0.757595 0.384601 0.830127 0.761053 0.448936 0.325586 0.095013 0.998142 0.238949 0.158400 0.566002 0.169831 0.425952 0.971050 0.247760 0.543211 0.132487 0.019031 0.061854 0.812207 0.174304 0.170451 0.268424 0.162656 0.684925 0.051476 
0.894721 0.726196 0.849871 0.566771 0.615007 0.607466 0.951272 0.445134 0.368518 0.400208 0.770620 0.463432 0.398350 0.009569 0.621732 0.964252 0.179300 0.047683 0.935302 0.426961 0.590794 0.067789 0.445892 0.652548 0.879897 0.620096 0.822899 0.148321 0.782653 0.507824 0.199697 0.677374 0.234020 0.049568 0.244145 0.848927 0.656934 0.195417 0.294061 0.025452 0.595525 0.064681 0.488784 0.993775 0.074150 0.110516 0.958027 0.253351 0.158099 0.893329 0.680212 0.748793 0.961018 0.126104 0.401342 0.840915 0.746100 0.224241 0.989135 0.528753 0.731965 0.188833 0.206126 0.965886 
0.238301 0.450172 0.814813 0.895135 0.645489 0.108874 0.920487 0.241013 0.173455 0.409272 0.234788 0.247506 0.519688 0.192814 0.500756 0.677687 0.086143 0.180968 0.426481 0.047161 0.306972 0.827722 0.887976 0.053072 0.051964 0.877111 0.581724 0.783829 0.065944 0.787751 0.749715 0.304145 0.237922 0.564528 0.199280 0.883311 0.673302 0.119768 0.124324 0.846658 0.528939 0.359012 0.094163 0.048627 0.551726 0.594820 0.726214 0.637769 0.775688 0.152695 0.684830 0.082659 0.980317 0.572806 0.135631 0.032281 0.449917 0.717255 0.816010 0.515761 0.505006 0.565724 0.819806 0.742828 
0.840204 0.394443 0.783121 0.798460 0.911656 0.197632 0.335289 0.768253 0.277847 0.554015 0.477449 0.628908 0.364848 0.513450 0.952235 0.916203 0.635748 0.717325 0.141688 0.607008 0.016399 0.242962 0.137318 0.804196 0.156763 0.401004 0.129877 0.108898 0.998925 0.218335 0.512981 0.839128 0.612679 0.296102 0.637589 0.524335 0.493634 0.972778 0.292588 0.771381 0.526792 0.769937 0.400289 0.891540 0.283386 0.352523 0.807744 0.919035 0.069848 0.949332 0.526043 0.086147 0.192295 0.663261 0.890244 0.348958 0.064265 0.020121 0.457756 0.063190 0.238356 0.970637 0.902218 0.850935 
0.266739 0.539806 0.375269 0.760273 0.512584 0.667757 0.531653 0.039376 0.437694 0.931842 0.930817 0.720980 0.284365 0.738560 0.640015 0.354113 0.687893 0.166058 0.440161 0.880087 0.829218 0.330404 0.229045 0.893383 0.350425 0.686701 0.956473 0.588681 0.657338 0.858690 0.439616 0.923977 0.398497 0.814785 0.684250 0.910981 0.482542 0.215903 0.950257 0.920136 0.147745 0.881074 0.641116 0.432010 0.619635 0.281131 0.786023 0.307527 0.447089 0.226184 0.187614 0.276307 0.556488 0.416560 0.169690 0.906813 0.103261 0.126163 0.495495 0.760499 0.984753 0.935010 0.684477 0.383250 
0.749796 0.368727 0.294231 0.232338 0.584530 0.244488 0.152475 0.732175 0.125562 0.793491 0.164186 0.745097 0.074622 0.950109 0.052624 0.521611 0.176293 0.240138 0.797818 0.732681 0.656598 0.967408 0.639494 0.759759 0.093571 0.134989 0.520258 0.078324 0.069999 0.204735 0.461474 0.819695 0.573361 0.755605 0.052034 0.157891 0.999994 0.204408 0.889967 0.125556 0.997799 0.054152 0.870553 0.072422 0.004261 0.923077 0.593933 0.180454 0.163215 0.391751 0.913035 0.819713 0.359159 0.552530 0.579472 0.452631 0.687419 0.099730 0.530855 0.757318 0.304365 0.992229 0.577013 0.877626 
0.747835 0.628947 0.035517 0.747828 0.833255 0.925384 0.873284 0.831054 0.979436 0.743837 0.903376 0.983597 0.666914 0.497309 0.164052 0.830029 0.888960 0.077087 0.649742 0.248119 0.629517 0.229214 0.700650 0.316935 0.328844 0.231505 0.074254 0.633109 0.223734 0.651167 0.510735 0.971469 0.280114 0.546152 0.719297 0.113369 0.471536 0.592581 0.944324 0.450972 0.336417 0.847700 0.434570 0.003331 0.345008 0.598521 0.833260 0.233968 0.675508 0.483002 0.481988 0.305025 0.712116 0.182638 0.621861 0.040960 0.414042 0.696014 0.673969 0.637676 0.347181 0.184704 0.609145 0.627195 
0.730756 0.328442 0.740464 0.202293 0.920922 0.684788 0.653165 0.257340 0.532488 0.087735 0.260571 0.877396 0.686156 0.093831 0.111365 0.361665 0.576733 0.593252 0.666590 0.288849 0.775790 0.288451 0.329709 0.189832 0.984365 0.003678 0.827408 0.331546 0.188282 0.436553 0.958641 0.918938 0.764895 0.699105 0.121231 0.685817 0.383894 0.774296 0.943057 0.916281 0.861931 0.203628 0.793677 0.548087 0.297359 0.904942 0.909652 0.873992 0.498194 0.576242 0.162840 0.273984 0.864593 0.492450 0.463716 0.848957 0.496028 0.291124 0.180503 0.684210 0.727578 0.139144 0.603149 0.492472 
0.838150 0.724280 0.178290 0.222043 0.498576 0.121347 0.138325 0.360507 0.324875 0.931902 0.908494 0.622133 0.836844 0.818146 0.496125 0.335038 0.394388 0.658865 0.608922 0.258980 0.151315 0.072638 0.107937 0.647243 0.363662 0.288341 0.331453 0.091239 0.427385 0.934501 0.583612 0.265535 0.658781 0.761802 0.487478 0.157356 0.883048 0.625703 0.517763 0.207923 0.557605 0.426257 0.829956 0.394449 0.244403 0.326081 0.729387 0.638690 0.984846 0.338309 0.897571 0.136161 0.410847 0.005508 0.783304 0.774409 0.293749 0.114756 0.865548 0.721034 0.049258 0.449160 0.986468 0.707938 
0.210962 0.473947 0.865195 0.094010 0.099649 0.382958 0.301833 0.657154 0.809114 0.131789 0.051603 0.053517 0.457770 0.780890 0.692107 0.442616 0.119199 0.589678 0.578677 0.529946 0.595086 0.361981 0.304355 0.888734 0.476637 0.169903 0.609768 0.525795 0.618963 0.596237 0.233733 0.829825 0.070183 0.098928 0.923735 0.169733 0.481785 0.225568 0.826787 0.290900 0.357257 0.878290 0.344317 0.814927 0.659180 0.036424 0.257543 0.778280 0.626002 0.836120 0.308226 0.221087 0.198101 0.612481 0.109822 0.674638 0.782284 0.719490 0.200432 0.401248 0.315726 0.434065 0.231073 0.385810 
0.532893 0.154808 0.555442 0.014678 0.380277 0.382229 0.305477 0.737434 0.260519 0.649694 0.552361 0.919599 0.686018 0.809804 0.697878 0.312019 0.645924 0.006104 0.533007 0.843925 0.618485 0.642728 0.518563 0.400769 0.362218 0.718895 0.801917 0.677845 0.152961 0.032989 0.063654 0.685753 0.187698 0.618996 0.700331 0.567874 0.001225 0.005809 0.305308 0.261644 0.655403 0.857569 0.181243 0.341420 0.667374 0.879022 0.653340 0.313298 0.885026 0.186346 0.157223 0.503511 0.828974 0.675686 0.904180 0.191193 0.394582 0.706096 0.868937 0.547442 0.738985 0.932491 0.233196 0.926583 
0.551488 0.933427 0.494457 0.552613 0.939135 0.799666 0.814157 0.594538 0.657235 0.995300 0.935858 0.324609 0.874322 0.589198 0.637807 0.759348 0.775444 0.794931 0.262858 0.604418 0.470617 0.167038 0.795511 0.865099 0.873034 0.664448 0.412541 0.612020 0.596939 0.645637 0.538603 0.148427 0.579064 0.033060 0.700940 0.518199 0.832626 0.515098 0.112737 0.489861 0.510398 0.048595 0.814370 0.384720 0.637693 0.452177 0.144068 0.413137 0.247108 0.406826 0.017555 0.717625 0.573764 0.812966 0.582724 0.446798 0.477414 0.995165 0.058817 0.074353 0.640802 0.597320 0.222680 0.219866 
0.630280 0.923520 0.737965 0.462906 0.438618 0.850601 0.952667 0.948916 0.899096 0.767037 0.333636 0.536789 0.219214 0.477603 0.949825 0.466222 0.884329 0.967280 0.183847 0.458093 0.780246 0.766471 0.904791 0.257660 0.761636 0.963508 0.331913 0.402439 0.560828 0.554493 0.622204 0.191109 0.478013 0.360169 0.653915 0.916531 0.210770 0.606582 0.865447 0.109867 0.373618 0.199083 0.646556 0.592733 0.676586 0.596381 0.058955 0.560916 0.563661 0.242702 0.019009 0.343907 0.009173 0.923700 0.601467 0.770709 0.887208 0.933279 0.173147 0.448037 0.487772 0.795252 0.639045 0.965685 
0.155421 0.292960 0.882216 0.366091 0.899441 0.747663 0.475858 0.273060 0.946646 0.122414 0.865692 0.623232 0.718694 0.924547 0.184148 0.282356 0.167249 0.203057 0.626163 0.176321 0.126757 0.227629 0.946930 0.013965 0.160908 0.120077 0.461902 0.648580 0.915229 0.100947 0.614265 0.070650 0.393807 0.496481 0.436641 0.293248 0.244144 0.912399 0.566208 0.190790 0.034813 0.431900 0.813922 0.753407 0.356447 0.997970 0.035763 0.523596 0.201027 0.661825 0.699817 0.327683 0.889355 0.646747 0.341548 0.050263 0.766724 0.803350 0.698743 0.681954 0.904197 0.313008 0.752503 0.298003 
0.809390 0.189145 0.591151 0.053534 0.101544 0.157359 0.244224 0.136257 0.589160 0.058146 0.889564 0.945507 0.056117 0.925227 0.469103 0.257043 0.587053 0.168920 0.584627 0.476407 0.815567 0.926075 0.526570 0.582292 0.729425 0.225313 0.264245 0.633621 0.538221 0.016749 0.931525 0.347611 0.205794 0.522676 0.401045 0.307238 0.679936 0.645169 0.443395 0.269095 0.703216 0.332959 0.214603 0.759233 0.258186 0.683606 0.016276 0.845138 0.852426 0.600803 0.321545 0.667993 0.526878 0.848015 0.250285 0.256302 0.073328 0.514431 0.889824 0.611450 0.531080 0.821349 0.958961 0.736773 
0.344025 0.360006 0.044011 0.023961 0.005176 0.487305 0.292956 0.708292 0.820164 0.507459 0.467524 0.078350 0.191064 0.483700 0.923388 0.043490 0.084503 0.244934 0.711384 0.611280 0.092949 0.961569 0.867482 0.166177 0.476000 0.757306 0.777527 0.007079 0.578655 0.736488 0.743753 0.922580 0.096494 0.787664 0.946441 0.101570 0.274969 0.239397 0.809762 0.095133 0.746756 0.277286 0.173383 0.937720 0.760886 0.096772 0.981110 0.845288 0.341606 0.692494 0.456569 0.434455 0.654063 0.324051 0.600532 0.130063 0.081357 0.378059 0.137042 0.659912 0.114548 0.880695 0.582491 0.210942 
0.668359 0.528932 0.312412 0.943228 0.768229 0.122174 0.038361 0.514984 0.399360 0.211644 0.452705 0.160246 0.308316 0.433815 0.005534 0.649822 0.126309 0.462003 0.084276 0.780272 0.785954 0.684708 0.910235 0.867211 0.062768 0.047278 0.527122 0.177215 0.927873 0.109614 0.388057 0.596232 0.638446 0.700370 0.539459 0.406674 0.822444 0.577720 0.921559 0.221804 0.789265 0.374263 0.381949 0.097581 0.807978 0.387384 0.747302 0.934188 0.849287 0.831479 0.714460 0.635240 0.516187 0.624696 0.502451 0.578855 0.671874 0.029573 0.755970 0.599747 0.139087 0.144027 0.195978 0.777432 
0.844297 0.735338 0.184107 0.666740 0.313058 0.105666 0.888444 0.102323 0.479829 0.270393 0.199804 0.287808 0.657677 0.947006 0.221995 0.506964 0.778485 0.936356 0.142204 0.294672 0.561051 0.644555 0.873426 0.232925 0.674029 0.629396 0.832571 0.813016 0.773324 0.028550 0.590448 0.617620 0.763787 0.774455 0.284361 0.076846 0.880021 0.172805 0.179069 0.359850 0.443098 0.378773 0.647557 0.100776 0.325779 0.869453 0.607640 0.104264 0.805808 0.749744 0.398836 0.366860 0.394299 0.272262 0.599684 0.068328 0.901558 0.432256 0.881244 0.674882 0.460706 0.471692 0.292503 0.224493 
0.246147 0.576763 0.301239 0.126167 0.749468 0.480207 0.485917 0.192567 0.858880 0.133475 0.293242 0.184659 0.002928 0.900782 0.288823 0.808636 0.650526 0.687558 0.175496 0.044825 0.959720 0.775080 0.113053 0.861279 0.207336 0.994197 0.536161 0.667942 0.465888 0.828563 0.892335 0.711935 0.405327 0.193573 0.838002 0.154795 0.673681 0.323919 0.347262 0.532561 0.457294 0.640404 0.717120 0.460121 0.541185 0.005943 0.268757 0.191711 0.693401 0.444153 0.236436 0.653121 0.219233 0.349389 0.514400 0.426469 0.343586 0.050561 0.094410 0.809374 0.879025 0.986645 0.521309 0.284352 
0.180218 0.359311 0.439047 0.853799 0.683130 0.786208 0.386360 0.140424 0.426612 0.103480 0.600445 0.967697 0.109322 0.869103 0.159408 0.802623 0.313256 0.395745 0.455745 0.532389 0.745034 0.970045 0.958758 0.088619 0.020606 0.053168 0.897893 0.899531 0.039813 0.419202 0.183882 0.219931 0.778413 0.622829 0.073730 0.461543 0.409037 0.459991 0.601867 0.835549 0.563370 0.202312 0.803246 0.672593 0.071415 0.962555 0.475216 0.384571 0.358299 0.930861 0.916859 0.103333 0.900906 0.875617 0.191853 0.921413 0.928685 0.089746 0.820944 0.968398 0.508848 0.004826 0.188329 0.287261 
0.627555 0.261960 0.748703 0.036592 0.721850 0.350570 0.872041 0.285221 0.552782 0.675288 0.957714 0.624097 0.637842 0.432930 0.008668 0.996042 0.363791 0.925427 0.099375 0.264697 0.801044 0.291128 0.186110 0.729729 0.380774 0.007053 0.698126 0.889522 0.011780 0.886356 0.176783 0.639235 0.148315 0.925386 0.675727 0.870066 0.275956 0.547768 0.155286 0.828639 0.223056 0.113000 0.452736 0.860798 0.545830 0.461304 0.856840 0.909521 0.386731 0.956115 0.174218 0.187774 0.247243 0.360228 0.917403 0.627917 0.367182 0.615529 0.517439 0.378861 0.501885 0.694122 0.018096 0.650101 
0.619508 0.693723 0.520166 0.895364 0.241491 0.675353 0.724003 0.464446 0.788253 0.176739 0.325245 0.334082 0.637942 0.182085 0.243603 0.024673 0.138200 0.417722 0.212347 0.385343 0.777850 0.129750 0.013260 0.145032 0.745180 0.530599 0.523793 0.247065 0.224721 0.541789 0.897066 0.844129 0.235512 0.417232 0.739493 0.476902 0.092584 0.463496 0.941249 0.880737 0.640134 0.266493 0.214819 0.278077 0.448478 0.458323 0.302650 0.586578 0.875944 0.514897 0.971821 0.653794 0.644548 0.984981 0.798726 0.389728 0.515580 0.322519 0.636693 0.740201 0.864208 0.533758 0.584330 0.099719 
0.950890 0.323822 0.576522 0.043475 0.787218 0.517770 0.924112 0.427353 0.784164 0.138931 0.705329 0.232642 0.597154 0.007979 0.819120 0.473098 0.522777 0.790941 0.126893 0.167324 0.775922 0.925519 0.556952 0.291502 0.248038 0.193645 0.031703 0.112245 0.727303 0.615933 0.211865 0.678193 0.939655 0.788286 0.721568 0.726873 0.306057 0.645680 0.154226 0.090221 0.784511 0.859455 0.322762 0.381664 0.867335 0.141882 0.854663 0.390111 0.932723 0.981455 0.557336 0.708645 0.906974 0.114288 0.000147 0.155011 0.307832 0.031750 0.267157 0.035135 0.647583 0.478921 0.713229 0.587238 
0.267208 0.434796 0.314112 0.573165 0.080476 0.468238 0.663285 0.864887 0.327693 0.985948 0.246551 0.195028 0.127830 0.101214 0.585039 0.060553 0.082669 0.142375 0.769098 0.989542 0.256563 0.769144 0.144554 0.564295 0.800795 0.411610 0.599331 0.448377 0.890431 0.312559 0.035616 0.157639 0.747256 0.349628 0.730703 0.827632 0.817765 0.393989 0.692518 0.145459 0.379936 0.938969 0.340387 0.507666 0.040183 0.925326 0.568119 0.122752 0.067701 0.337217 0.112294 0.324164 0.106361 0.256748 0.888359 0.907056 0.668258 0.487690 0.355433 0.558689 0.800149 0.390949 0.716228 0.547405 
0.740476 0.446931 0.375037 0.558242 0.840820 0.067556 0.703600 0.220756 0.006525 0.043987 0.728323 0.046608 0.969213 0.296442 0.169260 0.036914 0.633559 0.281454 0.360978 0.739820 0.538102 0.249337 0.646876 0.206359 0.736927 0.002309 0.764948 0.537077 0.393158 0.481176 0.084482 0.133634 0.928007 0.459419 0.691776 0.768827 0.526874 0.395376 0.989484 0.533299 0.439263 0.717807 0.579807 0.408476 0.014249 0.748967 0.445290 0.647708 0.030421 0.806168 0.387528 0.568423 0.055505 0.034403 0.774682 0.792332 0.036612 0.539630 0.329409 0.429670 0.020806 0.413790 0.563205 0.948713 
0.873109 0.254981 0.717541 0.399984 0.650257 0.707025 0.933183 0.089521 0.424831 0.512990 0.497897 0.438980 0.261957 0.943087 0.086688 0.292278 0.749255 0.474115 0.860601 0.804660 0.508419 0.635283 0.596992 0.544931 0.174913 0.926301 0.974501 0.195619 0.340092 0.537706 0.144332 0.213201 0.792587 0.861773 0.613084 0.442844 0.568797 0.546267 0.532265 0.993528 0.059257 0.030162 0.432508 0.321115 0.973149 0.519096 0.613293 0.722404 0.993111 0.473894 0.527065 0.501530 0.109176 0.124057 0.046461 0.283989 0.050358 0.020962 0.479507 0.390350 0.558568 0.623739 0.603451 0.351155 
0.485512 0.216535 0.793899 0.054309 0.762703 0.326164 0.047837 0.821860 0.356226 0.480245 0.142974 0.329376 0.999241 0.756167 0.051780 0.992352 0.230061 0.578745 0.493882 0.339137 0.702702 0.540242 0.623026 0.752960 0.561104 0.102533 0.143310 0.119672 0.726172 0.746661 0.470727 0.211683 0.963096 0.264626 0.265892 0.725798 0.590690 0.313629 0.547658 0.946817 0.793774 0.690533 0.276192 0.793015 0.446700 0.327872 0.785368 0.676661 0.906517 0.279250 0.015798 0.609219 0.819392 0.638723 0.362178 0.380496 0.741156 0.505388 0.500069 0.467327 0.252049 0.970696 0.678911 0.215145 
0.235322 0.944702 0.940843 0.825912 0.258331 0.488501 0.772729 0.052105 0.179034 0.048921 0.845020 0.625634 0.376693 0.630388 0.302295 0.283210 0.909538 0.317992 0.892329 0.728930 0.956615 0.254507 0.109426 0.697771 0.759795 0.609395 0.165099 0.011844 0.580090 0.843909 0.226889 0.815312 0.788612 0.167732 0.641224 0.046943 0.656133 0.413953 0.098948 0.835067 0.462774 0.943868 0.460700 0.839367 0.574256 0.762895 0.122577 0.483794 0.080887 0.014905 0.212724 0.037503 0.269312 0.322050 0.735174 0.029108 0.931345 0.900173 0.040852 0.511435 0.744082 0.267641 0.326747 0.532693 
0.435272 0.967871 0.579536 0.091405 0.381824 0.678384 0.926372 0.844498 0.622252 0.387072 0.683864 0.196508 0.149967 0.806341 0.680202 0.230754 0.821147 0.892826 0.268157 0.090459 0.214876 0.003331 0.119467 0.146221 0.903403 0.160219 0.657556 0.647485 0.427759 0.984203 0.180178 0.862932 0.952075 0.759614 0.954237 0.333898 0.437998 0.880608 0.178396 0.060250 0.267681 0.862160 0.256658 0.417548 0.668502 0.936760 0.648202 0.489648 0.829586 0.916259 0.580007 0.044462 0.919490 0.699374 0.190582 0.822893 0.859493 0.848038 0.470378 0.287252 0.832242 0.650456 0.150184 0.784316 
0.410070 0.104421 0.118215 0.847968 0.984929 0.296511 0.908118 0.252609 0.158671 0.164776 0.670057 0.827073 0.101535 0.318259 0.316721 0.931021 0.234518 0.896629 0.975383 0.154007 0.596003 0.165965 0.976800 0.455496 0.014004 0.447178 0.742648 0.846145 0.097634 0.892732 0.630461 0.507604 0.997053 0.748576 0.355572 0.981982 0.045087 0.263690 0.234591 0.203658 0.428366 0.904548 0.030731 0.529801 0.222807 0.347352 0.460822 0.457225 0.243981 0.436205 0.611132 0.839884 0.602070 0.587932 0.295380 0.615974 0.035110 0.038028 0.462119 0.132644 0.930660 0.092580 0.640149 0.927713 
0.841056 0.995621 0.909695 0.886042 0.259311 0.144286 0.089700 0.687577 0.048834 0.120331 0.217378 0.271541 0.467583 0.678100 0.728666 0.711463 0.114305 0.339798 0.551347 0.716275 0.927630 0.846627 0.332249 0.962641 0.884555 0.794268 0.095285 0.815215 0.886748 0.735334 0.742928 0.727804 0.730954 0.652623 0.613846 0.990166 0.796808 0.703446 0.677742 0.845542 0.823677 0.895020 0.117083 0.291259 0.573120 0.845648 0.002722 0.687325 0.185446 0.553969 0.403600 0.113077 0.400596 0.735749 0.075717 0.285151 0.530017 0.170902 0.100366 0.416764 0.906136 0.843195 0.144568 0.637090 
0.495818 0.758314 0.627256 0.292626 0.461760 0.304998 0.138168 0.285436 0.200018 0.255151 0.576595 0.773038 0.100799 0.579218 0.460363 0.286146 0.133187 0.863864 0.399122 0.533683 0.599613 0.474740 0.818734 0.129629 0.645542 0.919000 0.546294 0.551678 0.762195 0.690762 0.188768 0.258013 0.449075 0.815924 0.550539 0.910735 0.120922 0.688607 0.196171 0.320840 0.943658 0.772666 0.093878 0.044457 0.351884 0.554142 0.330503 0.484971 0.418005 0.729526 0.018654 0.017618 0.204265 0.837288 0.147147 0.849707 0.756289 0.693341 0.401385 0.518484 0.384103 0.590053 0.776396 0.833078 
0.405977 0.326935 0.743813 0.526799 0.015542 0.939885 0.847539 0.959100 0.712551 0.941317 0.003558 0.064435 0.495458 0.333961 0.549306 0.913364 0.063486 0.567860 0.930882 0.267652 0.405148 0.078029 0.117359 0.161437 0.771271 0.518644 0.679820 0.155373 0.108697 0.456217 0.988352 0.514573 0.783052 0.732165 0.041372 0.798495 0.672050 0.888810 0.757595 0.384601 0.830127 0.761053 0.448936 0.325586 0.095013 0.998142 0.238949 0.158400 0.566002 0.169831 0.425952 0.971050 0.247760 0.543211 0.132487 0.019031 0.061854 0.812207 0.174304 0.170451 0.268424 0.162656 0.684925 0.051476 
0.894721 0.726196 0.849871 0.566771 0.615007 0.607466 0.951272 0.445134 0.368518 0.400208 0.770620 0.463432 0.398350 0.009569 0.621732 0.964252 0.179300 0.047683 0.935302 0.426961 0.590794 0.067789 0.445892 0.652548 0.879897 0.620096 0.822899 0.148321 0.782653 0.507824 0.199697 0.677374 0.234020 0.049568 0.244145 0.848927 0.656934 0.195417 0.294061 0.025452 0.595525 0.064681 0.488784 0.993775 0.074150 0.110516 0.958027 0.253351 0.158099 0.893329 0.680212 0.748793 0.961018 0.126104 0.401342 0.840915 0.746100 0.224241 0.989135 0.528753 0.731965 0.188833 0.206126 0.965886 
0.238301 0.450172 0.814813 0.895135 0.645489 0.108874 0.920487 0.241013 0.173455 0.409272 0.234788 0.247506 0.519688 0.192814 0.500756 0.677687 0.086143 0.180968 0.426481 0.047161 0.306972 0.827722 0.887976 0.053072 0.051964 0.877111 0.581724 0.783829 0.065944 0.787751 0.749715 0.304145 0.237922 0.564528 0.199280 0.883311 0.673302 0.119768 0.124324 0.846658 0.528939 0.359012 0.094163 0.048627 0.551726 0.594820 0.726214 0.637769 0.775688 0.152695 0.684830 0.082659 0.980317 0.572806 0.135631 0.032281 0.449917 0.717255 0.816010 0.515761 0.505006 0.565724 0.819806 0.742828 
