0.740434 0.478285 0.476260 0.453196 0.814981 0.117192 0.627182 0.758224 0.784082 0.964415 0.447115 0.252356 0.894484 0.910509 0.235676 0.527595 0.456090 0.310002 0.639033 0.355257 0.726604 0.924227 0.336046 0.176658 0.732878 0.355195 0.500947 0.655223 0.417958 0.774239 0.812029 0.158392 0.252524 0.288289 0.611487 0.067506 0.405381 0.238669 0.825630 0.189463 0.203084 0.272745 0.441719 0.097568 0.183254 0.677295 0.625062 0.639244 0.987197 0.264096 0.994401 0.713802 0.188323 0.330447 0.890359 0.921100 0.685543 0.391306 0.576323 0.103500 0.165546 0.388352 0.261792 0.417970 
0.676542 0.873179 0.485376 0.081923 0.111848 0.311006 0.271286 0.314831 0.583650 0.712906 0.412299 0.766804 0.390201 0.037361 0.406048 0.377398 0.301357 0.400450 0.091200 0.489579 0.730797 0.981460 0.410680 0.416340 0.372766 0.986903 0.519740 0.538212 0.375255 0.781432 0.956082 0.051797 0.654611 0.441458 0.133620 0.766358 0.752364 0.404806 0.081190 0.336014 0.117712 0.493388 0.102818 0.507813 0.530649 0.508766 0.885111 0.831906 0.909115 0.976212 0.321485 0.639912 0.957671 0.732065 0.056252 0.330438 0.718968 0.575892 0.868550 0.094223 0.357324 0.824632 0.145921 0.011935 
0.266090 0.279441 0.778193 0.018454 0.684147 0.859283 0.354368 0.801759 0.352671 0.457086 0.309572 0.883221 0.965752 0.194683 0.715127 0.874867 0.170895 0.036612 0.514780 0.128566 0.768577 0.570932 0.458904 0.487546 0.146824 0.327454 0.581669 0.504048 0.152086 0.727490 0.515883 0.418076 0.006930 0.294077 0.436431 0.690977 0.153360 0.790699 0.492736 0.505931 0.247785 0.802207 0.389152 0.213536 0.996790 0.104279 0.088404 0.167685 0.140791 0.603083 0.296151 0.909268 0.174015 0.754955 0.396814 0.320740 0.082408 0.978383 0.824688 0.234394 0.705873 0.340572 0.652371 0.712703 
0.634549 0.088801 0.403680 0.787808 0.879400 0.896315 0.293739 0.127184 0.698523 0.682791 0.340621 0.695313 0.786970 0.428924 0.862898 0.927661 0.032008 0.159049 0.836930 0.205923 0.913904 0.233744 0.526563 0.996212 0.212127 0.351251 0.230607 0.917899 0.691723 0.882877 0.630602 0.326272 0.971578 0.034282 0.114080 0.850978 0.930497 0.407720 0.978062 0.629020 0.090511 0.318683 0.324333 0.877381 0.747507 0.187231 0.805042 0.779415 0.346180 0.641972 0.985239 0.260084 0.875615 0.511802 0.256296 0.087742 0.862953 0.486802 0.005641 0.554676 0.369679 0.636143 0.880848 0.341258 
0.670325 0.994828 0.192235 0.600822 0.402548 0.170298 0.229842 0.492959 0.488880 0.554075 0.370340 0.236388 0.741206 0.175382 0.015803 0.087386 0.817254 0.001042 0.347369 0.692869 0.512743 0.603565 0.780511 0.375696 0.090367 0.786052 0.930272 0.459947 0.422196 0.811120 0.801104 0.092520 0.805949 0.993240 0.693242 0.208496 0.163537 0.922984 0.701355 0.652318 0.477059 0.071694 0.888606 0.218265 0.246976 0.904309 0.305550 0.064230 0.905250 0.652820 0.756999 0.417993 0.256385 0.537510 0.793590 0.346652 0.323562 0.723862 0.806499 0.745658 0.534983 0.607604 0.838078 0.340931 
0.600843 0.531321 0.549327 0.764281 0.454305 0.250682 0.416599 0.931264 0.322276 0.305204 0.149528 0.569152 0.209513 0.454979 0.633282 0.114763 0.107798 0.390281 0.532656 0.364083 0.927691 0.326246 0.710635 0.251253 0.050108 0.517134 0.996811 0.584991 0.124738 0.834889 0.925822 0.725481 0.366209 0.475149 0.489762 0.820414 0.725731 0.906261 0.751678 0.048007 0.211465 0.901106 0.617059 0.420878 0.356084 0.250341 0.535541 0.463783 0.640522 0.068197 0.827766 0.568212 0.394343 0.538401 0.819365 0.444351 0.055535 0.816176 0.029342 0.180173 0.651064 0.955064 0.905554 0.017274 
0.430212 0.395316 0.837587 0.155943 0.301577 0.589265 0.203850 0.512942 0.490371 0.820809 0.933720 0.846355 0.071151 0.469261 0.310138 0.711572 0.537358 0.137904 0.279785 0.931601 0.676204 0.099150 0.375953 0.731639 0.915226 0.405195 0.911712 0.566290 0.360258 0.817266 0.583463 0.790371 0.212582 0.421051 0.946214 0.514059 0.010316 0.150064 0.027000 0.500586 0.970773 0.960620 0.346942 0.041924 0.429881 0.656979 0.753396 0.967138 0.794783 0.033181 0.898740 0.470987 0.132231 0.274693 0.202627 0.047457 0.679787 0.114339 0.613646 0.040046 0.931505 0.197110 0.830317 0.144088 
0.618060 0.776531 0.658046 0.628276 0.926495 0.684947 0.128862 0.897268 0.645567 0.475704 0.939092 0.075447 0.132683 0.692488 0.042586 0.927366 0.725569 0.941226 0.398354 0.857701 0.215918 0.600881 0.905057 0.895606 0.715120 0.518703 0.935551 0.646625 0.715713 0.765868 0.790613 0.333774 0.542398 0.448659 0.961950 0.468893 0.133606 0.090812 0.366161 0.779073 0.566416 0.305253 0.854420 0.698999 0.997642 0.896906 0.626366 0.723211 0.838131 0.024720 0.580912 0.054049 0.625500 0.485969 0.949555 0.340620 0.004672 0.885106 0.987145 0.720285 0.650974 0.777758 0.054059 0.193373 
0.226417 0.016008 0.662166 0.359922 0.106720 0.028327 0.138995 0.673036 0.333480 0.993315 0.372035 0.331122 0.890221 0.998301 0.054333 0.728352 0.023021 0.635144 0.782301 0.648421 0.121113 0.731856 0.988941 0.125685 0.616962 0.976086 0.845870 0.267937 0.753844 0.899829 0.461209 0.980160 0.915737 0.123375 0.340083 0.022458 0.151602 0.478978 0.695394 0.484982 0.472293 0.067429 0.816004 0.362513 0.065730 0.870236 0.090865 0.088650 0.505381 0.873066 0.736971 0.626394 0.604922 0.725912 0.751979 0.221885 0.701998 0.597849 0.489721 0.455841 0.497679 0.950830 0.436001 0.413416 
0.074205 0.775984 0.435774 0.225707 0.254962 0.131167 0.710589 0.727154 0.198496 0.526592 0.089668 0.264126 0.396829 0.180433 0.352676 0.902109 0.053499 0.089647 0.528503 0.658321 0.815459 0.280482 0.880106 0.517457 0.878232 0.369827 0.973198 0.375910 0.320657 0.409199 0.789226 0.394762 0.185184 0.225000 0.620369 0.440045 0.356067 0.330958 0.167200 0.554463 0.857451 0.256767 0.818489 0.254279 0.437100 0.171165 0.156389 0.490499 0.260712 0.684792 0.148820 0.076170 0.965174 0.028926 0.593527 0.843406 0.398653 0.566725 0.219316 0.719210 0.975824 0.008542 0.113972 0.161008 
0.233442 0.734242 0.600953 0.589409 0.065200 0.768053 0.143872 0.922550 0.024821 0.962260 0.176830 0.461821 0.133425 0.333118 0.952219 0.394036 0.017910 0.101039 0.470107 0.982985 0.129865 0.063634 0.826390 0.528417 0.630259 0.045706 0.247627 0.606083 0.054149 0.361500 0.766991 0.287491 0.095741 0.367944 0.876800 0.160841 0.135998 0.020671 0.083392 0.160718 0.982832 0.260121 0.622439 0.116256 0.593140 0.574658 0.510193 0.610950 0.675598 0.980199 0.593935 0.805363 0.043833 0.420325 0.333780 0.673992 0.465931 0.581307 0.280075 0.519980 0.942707 0.047066 0.807371 0.038449 
0.414911 0.684170 0.199190 0.550808 0.704742 0.282482 0.711427 0.687573 0.542503 0.333866 0.803729 0.135643 0.908424 0.313922 0.746493 0.584022 0.294121 0.340428 0.389384 0.337854 0.760653 0.723064 0.011846 0.226584 0.304372 0.291822 0.746464 0.247079 0.338788 0.553835 0.285428 0.753599 0.238006 0.484518 0.304407 0.942647 0.766900 0.015834 0.630220 0.309403 0.349599 0.433950 0.444946 0.258023 0.747771 0.191439 0.841945 0.041893 0.531767 0.231329 0.379647 0.292420 0.954294 0.391394 0.518905 0.258665 0.683115 0.265369 0.505644 0.021903 0.819105 0.790972 0.775402 0.057110 
0.275490 0.079809 0.999657 0.042389 0.095543 0.629877 0.351692 0.445042 0.063827 0.796539 0.702965 0.811499 0.987878 0.544910 0.853291 0.519646 0.776139 0.232939 0.811966 0.730432 0.624232 0.330871 0.988998 0.307348 0.596140 0.494642 0.329151 0.415244 0.285614 0.104553 0.472255 0.561004 0.184262 0.471912 0.603294 0.279704 0.101789 0.954886 0.724646 0.165516 0.751425 0.427611 0.976915 0.739303 0.972420 0.830206 0.258948 0.748559 0.063145 0.070914 0.478991 0.687277 0.401685 0.467989 0.994525 0.997725 0.962531 0.323676 0.412969 0.248145 0.428128 0.885124 0.809049 0.612290 
0.357036 0.412343 0.891894 0.458725 0.367229 0.616540 0.624141 0.118654 0.044151 0.601056 0.857857 0.016571 0.431262 0.116805 0.765030 0.494307 0.187619 0.244021 0.181584 0.589204 0.711910 0.176109 0.586929 0.674441 0.499684 0.999798 0.922486 0.927713 0.884922 0.731535 0.540003 0.241958 0.143878 0.431897 0.700583 0.511007 0.048438 0.324724 0.629560 0.092489 0.925680 0.487417 0.108960 0.356942 0.604122 0.873890 0.851150 0.791641 0.117911 0.032734 0.380845 0.829721 0.208743 0.967674 0.504162 0.708327 0.967473 0.426647 0.636040 0.852395 0.158182 0.176043 0.094352 0.301960 
0.607840 0.794835 0.812867 0.656178 0.119559 0.442427 0.748566 0.045239 0.929744 0.857426 0.402081 0.533866 0.731316 0.253231 0.325507 0.849127 0.285865 0.706252 0.678848 0.494507 0.673927 0.183010 0.202834 0.641399 0.609557 0.838774 0.493794 0.767639 0.014817 0.588046 0.069599 0.622557 0.382881 0.882366 0.278734 0.502340 0.324793 0.027300 0.547479 0.254537 0.884626 0.949460 0.788303 0.615942 0.202691 0.113810 0.465069 0.488456 0.819963 0.143917 0.982863 0.493889 0.326826 0.185697 0.135288 0.936283 0.024471 0.628982 0.703923 0.039188 0.217028 0.773422 0.661645 0.599809 
0.655788 0.940279 0.102149 0.980481 0.967480 0.649528 0.235018 0.852106 0.598988 0.023322 0.468048 0.801579 0.137032 0.933017 0.290035 0.956895 0.076934 0.272898 0.450784 0.403661 0.458495 0.585973 0.339944 0.482867 0.214955 0.043867 0.521955 0.431883 0.817188 0.183600 0.031692 0.472976 0.123880 0.133741 0.453457 0.091360 0.783170 0.688376 0.943366 0.382158 0.711597 0.411414 0.183737 0.848529 0.344432 0.473672 0.805424 0.421266 0.746471 0.256208 0.824826 0.204966 0.842081 0.164770 0.687733 0.057036 0.208537 0.209688 0.488819 0.025725 0.393188 0.520411 0.498601 0.516968 
0.654053 0.951959 0.608228 0.437222 0.640334 0.551594 0.819280 0.351931 0.962908 0.003017 0.200461 0.307340 0.476590 0.005885 0.728506 0.223060 0.261993 0.553332 0.427926 0.104075 0.718003 0.115659 0.161010 0.926440 0.325247 0.649729 0.952065 0.718335 0.170140 0.450666 0.235304 0.824093 0.402625 0.843432 0.261315 0.042959 0.395026 0.080595 0.394791 0.357934 0.083512 0.595152 0.665174 0.560002 0.600937 0.393680 0.782962 0.862830 0.946912 0.210888 0.966805 0.664915 0.326447 0.127815 0.591354 0.651594 0.777444 0.543419 0.369929 0.947484 0.993986 0.605133 0.771577 0.396611 
0.448564 0.032892 0.439470 0.843490 0.113387 0.834161 0.201424 0.196799 0.429313 0.866498 0.756701 0.030249 0.260178 0.539663 0.892979 0.207090 0.750451 0.859784 0.871905 0.076898 0.987499 0.463259 0.728392 0.764943 0.006678 0.098321 0.712427 0.000664 0.703353 0.484004 0.397175 0.151918 0.516796 0.836545 0.995308 0.630083 0.670706 0.196733 0.826781 0.100018 0.063231 0.583482 0.130167 0.323309 0.123145 0.023147 0.530299 0.873495 0.882830 0.402204 0.950293 0.870329 0.865363 0.678685 0.635272 0.871941 0.776905 0.347699 0.872505 0.480259 0.831603 0.269679 0.632077 0.348399 
0.106224 0.627385 0.978381 0.776830 0.824018 0.805163 0.876748 0.887148 0.388645 0.006916 0.210457 0.511690 0.029963 0.740656 0.385185 0.912693 0.142860 0.335478 0.783022 0.008223 0.014163 0.418294 0.880064 0.790968 0.765892 0.752568 0.271227 0.597495 0.022248 0.903204 0.945794 0.128372 0.530589 0.924175 0.905102 0.354607 0.729338 0.781851 0.241755 0.117983 0.788667 0.452112 0.629572 0.818529 0.192769 0.014757 0.731222 0.335529 0.350135 0.514244 0.343652 0.364198 0.932437 0.223715 0.155166 0.698330 0.976184 0.426294 0.295825 0.998332 0.329498 0.241619 0.126704 0.859987 
0.165794 0.031806 0.214593 0.895032 0.813556 0.456248 0.013015 0.602223 0.908261 0.642488 0.420752 0.101029 0.657145 0.151974 0.436459 0.007280 0.666118 0.780010 0.371379 0.598555 0.003726 0.526445 0.296885 0.979810 0.952639 0.592609 0.978141 0.282136 0.834128 0.104845 0.142123 0.999822 0.136550 0.356616 0.894855 0.950007 0.812764 0.907770 0.552230 0.721025 0.550257 0.972882 0.821954 0.207402 0.124855 0.258413 0.214583 0.790873 0.038423 0.585861 0.389428 0.042049 0.112306 0.686212 0.021859 0.064945 0.278822 0.999900 0.346982 0.112950 0.104745 0.489004 0.112772 0.241195 
0.845521 0.007627 0.191202 0.658285 0.915297 0.743332 0.379310 0.465554 0.716213 0.201264 0.672856 0.840969 0.459577 0.887339 0.631842 0.497900 0.473200 0.021269 0.539850 0.585407 0.707382 0.561608 0.650252 0.986104 0.561508 0.997134 0.099054 0.666153 0.486138 0.211726 0.907248 0.331659 0.219253 0.098450 0.989844 0.134549 0.841681 0.369153 0.600003 0.557895 0.570318 0.272860 0.398863 0.029895 0.160199 0.030705 0.527695 0.633299 0.051874 0.067545 0.218706 0.759156 0.629053 0.868858 0.745260 0.190561 0.865992 0.844213 0.856614 0.352130 0.055939 0.763862 0.683688 0.275092 
0.862212 0.673532 0.409541 0.703893 0.042685 0.009545 0.261788 0.612903 0.282305 0.660551 0.642698 0.442403 0.691156 0.170393 0.075702 0.742930 0.237837 0.294308 0.502086 0.866790 0.163166 0.247346 0.057351 0.029158 0.091559 0.913865 0.381187 0.147398 0.677727 0.064875 0.422390 0.539939 0.738307 0.831831 0.243832 0.780893 0.841276 0.505520 0.393795 0.123580 0.166071 0.036493 0.565883 0.857127 0.206786 0.641486 0.600057 0.444523 0.935694 0.102143 0.311314 0.098860 0.349388 0.368565 0.127918 0.440847 0.282431 0.509005 0.588145 0.960058 0.573781 0.010534 0.499997 0.312088 
0.842265 0.743729 0.092980 0.683541 0.249249 0.486676 0.807021 0.415220 0.523069 0.372904 0.272346 0.729755 0.014390 0.872303 0.174278 0.949984 0.974346 0.485492 0.048844 0.323734 0.853957 0.176662 0.764481 0.136387 0.685567 0.352626 0.096445 0.259347 0.363061 0.596342 0.571335 0.205326 0.340071 0.664215 0.888767 0.589220 0.150891 0.695787 0.004440 0.673860 0.068691 0.276686 0.403614 0.082981 0.148989 0.577792 0.032965 0.123335 0.063284 0.081708 0.446969 0.917141 0.258270 0.211450 0.053528 0.943736 0.563976 0.149873 0.203083 0.926937 0.746115 0.774318 0.132263 0.086186 
0.438534 0.021029 0.675306 0.589324 0.716716 0.679645 0.263184 0.785308 0.956231 0.666699 0.868189 0.105220 0.244491 0.901053 0.228455 0.307675 0.982662 0.675324 0.224816 0.240932 0.886674 0.278243 0.184668 0.450650 0.428016 0.387652 0.377587 0.174130 0.161970 0.509750 0.260216 0.600403 0.530679 0.935422 0.189728 0.247396 0.615067 0.452812 0.032703 0.571298 0.119511 0.900792 0.676419 0.363902 0.801846 0.904774 0.671477 0.784507 0.580098 0.896192 0.025439 0.466772 0.174436 0.210007 0.917323 0.602351 0.597559 0.294910 0.776382 0.759429 0.804560 0.036598 0.359832 0.335239 
0.971920 0.549460 0.582535 0.586987 0.002272 0.615138 0.158285 0.121683 0.515931 0.834604 0.485485 0.317776 0.739378 0.156962 0.102284 0.319476 0.053154 0.127623 0.786148 0.227490 0.337530 0.703471 0.829741 0.934989 0.998281 0.606123 0.694418 0.802841 0.642621 0.054250 0.138080 0.614541 0.603610 0.720515 0.201527 0.605782 0.335654 0.359712 0.727366 0.851485 0.194316 0.212850 0.169261 0.933594 0.369712 0.271445 0.253070 0.422766 0.398968 0.039218 0.650156 0.736398 0.742589 0.479898 0.671388 0.740870 0.086021 0.365806 0.543711 0.728542 0.419956 0.681692 0.343083 0.023566 
0.402207 0.544510 0.629248 0.737761 0.904122 0.356614 0.589245 0.098438 0.569364 0.758406 0.032032 0.938977 0.029851 0.285002 0.361743 0.428719 0.324121 0.011899 0.165118 0.066710 0.491697 0.836405 0.807480 0.577618 0.202211 0.351191 0.306160 0.622067 0.032883 0.649142 0.645533 0.434990 0.193653 0.274781 0.172750 0.097775 0.631295 0.761896 0.196113 0.200660 0.520302 0.228046 0.139636 0.550053 0.512948 0.501279 0.978673 0.836969 0.513079 0.143790 0.903579 0.004775 0.980096 0.711059 0.582293 0.182307 0.062250 0.888353 0.804273 0.095032 0.537495 0.449806 0.529922 0.731048 
0.724487 0.702572 0.828723 0.355782 0.464468 0.024836 0.556342 0.984670 0.252782 0.695878 0.534724 0.765630 0.197157 0.513396 0.602599 0.710136 0.657087 0.506178 0.714811 0.637183 0.217236 0.297104 0.819390 0.279386 0.185457 0.623663 0.374319 0.722852 0.073469 0.904141 0.453900 0.797856 0.606713 0.282622 0.153638 0.071181 0.307358 0.709880 0.055852 0.560040 0.405758 0.590475 0.325670 0.602815 0.103872 0.928169 0.312951 0.760859 0.434347 0.027762 0.398042 0.651484 0.324766 0.217431 0.930770 0.510124 0.840994 0.305089 0.232976 0.914363 0.209229 0.686775 0.712219 0.815842 
0.969298 0.865758 0.886924 0.276656 0.575638 0.942675 0.836596 0.981296 0.533151 0.162267 0.584111 0.636922 0.090436 0.896962 0.397781 0.524683 0.924625 0.795723 0.176167 0.249391 0.013154 0.106937 0.759415 0.854048 0.411926 0.992290 0.768411 0.621055 0.679066 0.480631 0.436897 0.648364 0.346389 0.323821 0.924920 0.921927 0.266496 0.761516 0.903223 0.799547 0.923683 0.487334 0.436470 0.014119 0.384296 0.834151 0.538703 0.308921 0.629874 0.714770 0.558212 0.642928 0.821607 0.317627 0.496976 0.233532 0.309917 0.265388 0.854487 0.988882 0.745918 0.291384 0.637246 0.092307 
0.615106 0.562166 0.014233 0.881502 0.323682 0.917356 0.681049 0.247365 0.404690 0.117519 0.261384 0.788887 0.951570 0.799987 0.097807 0.581443 0.514756 0.655919 0.224371 0.336363 0.973446 0.721247 0.569795 0.283363 0.986535 0.424282 0.272245 0.732453 0.715567 0.909391 0.824660 0.330673 0.471557 0.838793 0.212175 0.795138 0.756150 0.893124 0.042503 0.160840 0.010642 0.303787 0.949626 0.962112 0.103774 0.047434 0.543555 0.618430 0.703253 0.767827 0.954693 0.676699 0.489074 0.524488 0.959962 0.475609 0.948671 0.232207 0.208062 0.664238 0.141598 0.032722 0.994810 0.613055 
0.871415 0.206985 0.408193 0.627565 0.100108 0.450596 0.788304 0.110651 0.754283 0.737931 0.072763 0.857957 0.785264 0.616218 0.476387 0.488517 0.384044 0.431080 0.165216 0.873018 0.955468 0.125178 0.348627 0.904138 0.357285 0.556589 0.568376 0.498783 0.589210 0.563186 0.111838 0.460626 0.770071 0.519931 0.088190 0.870079 0.970427 0.876395 0.980630 0.724710 0.614325 0.053393 0.582667 0.399589 0.669511 0.059054 0.888007 0.053555 0.490034 0.053223 0.926473 0.445502 0.178301 0.275100 0.349640 0.535487 0.831589 0.917916 0.034270 0.420799 0.481102 0.146007 0.881325 0.251173 
0.665838 0.969415 0.121253 0.636265 0.845809 0.101883 0.360975 0.460135 0.155175 0.943542 0.859624 0.824586 0.002596 0.747631 0.878041 0.492530 0.800754 0.804514 0.937932 0.978956 0.079614 0.287572 0.514442 0.911103 0.205488 0.548612 0.331902 0.686490 0.694519 0.213226 0.937564 0.360357 0.182641 0.058816 0.996522 0.028451 0.160599 0.357497 0.488485 0.315675 0.301039 0.348110 0.140260 0.303536 0.095741 0.018301 0.795966 0.896395 0.822715 0.733897 0.875351 0.902229 0.021469 0.389793 0.813332 0.226857 0.938305 0.145234 0.913247 0.632824 0.358360 0.850811 0.993081 0.540901 
0.909527 0.989602 0.569252 0.070126 0.347099 0.057737 0.385701 0.648039 0.405747 0.525861 0.951475 0.501388 0.544063 0.747440 0.397782 0.366778 0.481338 0.273133 0.269007 0.502707 0.662826 0.082340 0.729464 0.601130 0.227473 0.642711 0.233954 0.585734 0.493522 0.227034 0.126635 0.403049 0.216637 0.695787 0.473075 0.563636 0.753424 0.858676 0.211675 0.159171 0.384538 0.163149 0.660459 0.928501 0.910490 0.058241 0.295279 0.391828 0.331274 0.564186 0.894435 0.994000 0.646426 0.623899 0.595130 0.873799 0.266610 0.828984 0.459532 0.760032 0.056019 0.586067 0.163081 0.272555 
0.281854 0.636056 0.836092 0.035278 0.494733 0.047767 0.194350 0.879170 0.210816 0.854708 0.807671 0.121306 0.912850 0.102950 0.513034 0.244124 0.667036 0.407469 0.238124 0.313461 0.031367 0.833154 0.187260 0.297877 0.662138 0.646693 0.057909 0.718057 0.232760 0.220890 0.990512 0.514514 0.856847 0.826604 0.549692 0.351579 0.874270 0.743942 0.230750 0.085086 0.598651 0.038420 0.206292 0.511500 0.141270 0.719226 0.755524 0.808206 0.126694 0.993547 0.121667 0.157962 0.826701 0.308827 0.455739 0.488839 0.955419 0.513549 0.206896 0.188179 0.734339 0.197408 0.702593 0.591185 
0.024011 0.252286 0.942665 0.898182 0.996128 0.173414 0.983168 0.594778 0.211735 0.189460 0.106279 0.352905 0.908586 0.861702 0.161110 0.035280 0.855250 0.282677 0.193142 0.681951 0.591404 0.648782 0.170790 0.546823 0.162330 0.377586 0.734903 0.896569 0.574893 0.437496 0.487755 0.598805 0.689682 0.430419 0.496986 0.685810 0.603734 0.480154 0.280588 0.815368 0.669514 0.386767 0.168273 0.578100 0.248469 0.329283 0.613280 0.103719 0.611860 0.806322 0.785570 0.203264 0.455104 0.956259 0.749987 0.617334 0.333845 0.484890 0.513904 0.908638 0.922286 0.001658 0.507443 0.611968 
0.431978 0.004429 0.297778 0.035711 0.484483 0.578267 0.850980 0.153997 0.964934 0.019252 0.731997 0.213403 0.348436 0.345277 0.317022 0.960196 0.151599 0.102591 0.163460 0.606603 0.058851 0.913347 0.223938 0.392596 0.398237 0.737742 0.301234 0.320524 0.739300 0.808577 0.932392 0.171278 0.812906 0.230170 0.206889 0.297389 0.808337 0.057869 0.451286 0.773270 0.077021 0.183283 0.986573 0.425357 0.528461 0.303595 0.385552 0.679960 0.406086 0.548912 0.286563 0.464837 0.462259 0.510401 0.857333 0.860397 0.248143 0.158567 0.180920 0.987343 0.967044 0.113312 0.158620 0.779950 
0.343382 0.365409 0.077339 0.151719 0.423178 0.528525 0.924890 0.500099 0.711709 0.911463 0.925355 0.240170 0.215058 0.310908 0.920029 0.621045 0.859720 0.206593 0.085882 0.321979 0.716894 0.943115 0.182376 0.964937 0.101682 0.363196 0.952279 0.068725 0.476408 0.110900 0.848575 0.819691 0.476209 0.925814 0.971310 0.899287 0.454340 0.896199 0.399386 0.166048 0.807662 0.324741 0.406118 0.022721 0.635549 0.326147 0.643665 0.495269 0.532640 0.729447 0.817148 0.249534 0.672562 0.999424 0.214471 0.774143 0.362620 0.166750 0.842769 0.838929 0.277550 0.691344 0.658619 0.753659 
0.617158 0.629929 0.652946 0.071497 0.526129 0.052332 0.237446 0.333791 0.376973 0.643464 0.356412 0.012522 0.969511 0.999977 0.507691 0.502151 0.729423 0.324839 0.751586 0.401985 0.324263 0.965957 0.176128 0.686783 0.132707 0.018897 0.525711 0.410157 0.710140 0.184331 0.163816 0.327298 0.814160 0.816662 0.398695 0.340288 0.868893 0.636041 0.673980 0.245866 0.279505 0.030391 0.258288 0.249016 0.030368 0.765879 0.751067 0.759691 0.090717 0.502653 0.161676 0.414880 0.468610 0.337704 0.101663 0.601217 0.356501 0.627275 0.011374 0.066641 0.811505 0.175090 0.393840 0.625665 
0.991652 0.792435 0.965854 0.860545 0.428476 0.639833 0.106411 0.707880 0.670124 0.364599 0.956796 0.700392 0.130478 0.707864 0.460083 0.221095 0.210517 0.621659 0.635875 0.679027 0.959263 0.737438 0.280244 0.315765 0.364713 0.291518 0.382306 0.176218 0.466508 0.776046 0.801783 0.458160 0.568480 0.767637 0.318706 0.996856 0.407470 0.425017 0.704737 0.077594 0.789516 0.661533 0.777886 0.919894 0.369397 0.237969 0.140989 0.579813 0.859528 0.776764 0.258840 0.818792 0.514203 0.538984 0.134556 0.878815 0.830402 0.516762 0.055033 0.296911 0.292808 0.856717 0.754971 0.861188 
0.624353 0.073677 0.858044 0.031823 0.498594 0.562781 0.109317 0.288110 0.224314 0.887103 0.208004 0.593610 0.125072 0.348894 0.173424 0.984500 0.125658 0.432164 0.803292 0.639760 0.971048 0.937748 0.518576 0.801450 0.454510 0.573509 0.098361 0.747218 0.430226 0.853232 0.608406 0.054579 0.926809 0.466450 0.086302 0.425403 0.029231 0.195520 0.713413 0.253445 0.082623 0.921317 0.846955 0.207595 0.270211 0.020379 0.192096 0.395769 0.452443 0.995288 0.035529 0.423491 0.933036 0.554005 0.224941 0.387546 0.127514 0.323202 0.134764 0.557640 0.176433 0.743069 0.612119 0.103242 
0.209519 0.698321 0.528544 0.238650 0.893741 0.241957 0.491995 0.976264 0.163275 0.338951 0.183859 0.433386 0.359230 0.375855 0.829054 0.811573 0.371142 0.864484 0.235063 0.304178 0.418489 0.459904 0.691624 0.545903 0.783006 0.826288 0.103543 0.959339 0.569357 0.715562 0.062581 0.778776 0.413883 0.591025 0.017427 0.307624 0.832883 0.509322 0.283888 0.996057 0.848172 0.467647 0.429443 0.207402 0.843402 0.258497 0.018975 0.214544 0.122981 0.253938 0.518622 0.541370 0.713742 0.210246 0.087273 0.496748 0.036534 0.190716 0.456087 0.605791 0.906178 0.518569 0.384567 0.320061 
0.109594 0.401894 0.627585 0.942377 0.911116 0.911373 0.938434 0.759288 0.379020 0.367877 0.966590 0.222422 0.626275 0.985465 0.436866 0.749156 0.239403 0.955389 0.290525 0.953045 0.165635 0.377698 0.449793 0.202069 0.568314 0.905781 0.807760 0.474492 0.424349 0.192327 0.794453 0.533843 0.594121 0.422038 0.476220 0.505237 0.333411 0.414655 0.264525 0.712331 0.782432 0.231115 0.934654 0.408707 0.216580 0.371520 0.157862 0.455883 0.326909 0.448288 0.408928 0.492444 0.825886 0.858621 0.694414 0.394200 0.764402 0.502174 0.868592 0.188751 0.694401 0.663045 0.722495 0.288522 
0.085083 0.198715 0.793659 0.418394 0.613269 0.058184 0.130726 0.395701 0.289199 0.065379 0.804308 0.505679 0.436799 0.962070 0.961462 0.763608 0.410358 0.370389 0.256053 0.236244 0.229010 0.950366 0.630344 0.993312 0.452540 0.498936 0.182063 0.146941 0.161981 0.904458 0.435363 0.246964 0.103173 0.229022 0.665258 0.716342 0.287107 0.795884 0.112043 0.576206 0.861163 0.916251 0.081885 0.297962 0.878321 0.043346 0.061571 0.288679 0.413636 0.317523 0.524823 0.642546 0.267889 0.155167 0.635858 0.720329 0.654002 0.817821 0.867170 0.815883 0.722279 0.302534 0.062847 0.825352 
0.531456 0.728005 0.541694 0.818463 0.523889 0.653638 0.394669 0.385052 0.569889 0.476453 0.682914 0.448210 0.519700 0.744385 0.736789 0.933235 0.061908 0.261612 0.575781 0.329697 0.416678 0.211639 0.050027 0.070681 0.029460 0.917097 0.886464 0.751639 0.219630 0.949211 0.576991 0.750987 0.677216 0.118685 0.569449 0.201105 0.772223 0.964018 0.586056 0.342111 0.440471 0.268971 0.790221 0.960071 0.013356 0.527010 0.893307 0.075164 0.788522 0.469088 0.404761 0.205200 0.680627 0.454688 0.275781 0.709987 0.371785 0.162245 0.461626 0.591315 0.111456 0.038617 0.342302 0.788572 
0.157202 0.911651 0.989577 0.929324 0.875669 0.575633 0.271436 0.316140 0.844504 0.061657 0.276211 0.857759 0.588567 0.169518 0.932823 0.377089 0.638505 0.337584 0.582190 0.319132 0.792172 0.857871 0.029118 0.163956 0.020116 0.490644 0.755172 0.131472 0.529161 0.097473 0.919944 0.686263 0.009124 0.909521 0.615587 0.884693 0.485154 0.886923 0.200833 0.329658 0.948480 0.476944 0.187417 0.537048 0.646362 0.120240 0.914037 0.284867 0.457724 0.496227 0.603899 0.249896 0.354098 0.632918 0.413753 0.374114 0.123562 0.168924 0.505486 0.652623 0.266298 0.425430 0.338886 0.275322 
0.334951 0.954373 0.160015 0.820006 0.841296 0.360748 0.149664 0.789776 0.837593 0.336981 0.326824 0.483955 0.457121 0.240861 0.768722 0.914746 0.736988 0.372622 0.164642 0.091085 0.005539 0.578294 0.465099 0.129001 0.747119 0.970485 0.781524 0.013416 0.395915 0.120409 0.288638 0.730767 0.074782 0.448554 0.550772 0.915978 0.809202 0.700336 0.705754 0.646795 0.037317 0.032578 0.130750 0.494338 0.273338 0.899372 0.409083 0.010326 0.271994 0.573625 0.101312 0.277433 0.151919 0.566311 0.406334 0.898938 0.536796 0.187858 0.912254 0.932611 0.308167 0.200892 0.663378 0.382850 
0.649346 0.214150 0.298827 0.458548 0.914386 0.004581 0.105343 0.951602 0.037059 0.235992 0.445940 0.310297 0.135364 0.854923 0.320523 0.407258 0.428548 0.421735 0.684591 0.580367 0.987946 0.090925 0.479305 0.524742 0.278683 0.391559 0.457353 0.586750 0.592351 0.120731 0.969500 0.241697 0.334781 0.268327 0.700145 0.249167 0.272808 0.805387 0.200769 0.309767 0.041380 0.646609 0.619964 0.176644 0.501532 0.940388 0.583802 0.929980 0.362122 0.268393 0.510348 0.350068 0.359218 0.989553 0.874710 0.637800 0.381112 0.332063 0.224550 0.973363 0.452694 0.194050 0.215060 0.787374 
0.462277 0.915104 0.036541 0.734985 0.720492 0.237210 0.044752 0.761772 0.883719 0.664617 0.938316 0.385251 0.605004 0.522118 0.315231 0.967027 0.790411 0.825479 0.317095 0.149628 0.815032 0.191804 0.787329 0.196144 0.523767 0.011879 0.169507 0.976361 0.205828 0.384467 0.763735 0.668005 0.299571 0.800176 0.402991 0.020063 0.037386 0.447643 0.781734 0.921005 0.112259 0.720050 0.306255 0.717164 0.242168 0.621387 0.684190 0.032579 0.446866 0.001285 0.182108 0.261898 0.192989 0.969336 0.457942 0.716656 0.981115 0.627349 0.693017 0.186943 0.011815 0.456752 0.854849 0.311286 
0.256928 0.257839 0.331249 0.294214 0.705382 0.112983 0.215219 0.817541 0.832934 0.521374 0.534705 0.075102 0.142761 0.218895 0.107581 0.589527 0.220080 0.289589 0.851325 0.412969 0.258925 0.309267 0.129625 0.240040 0.936515 0.822542 0.426883 0.948230 0.279294 0.281732 0.259516 0.536122 0.539471 0.590665 0.830236 0.244853 0.703549 0.045455 0.062395 0.536482 0.566729 0.597000 0.611484 0.709390 0.815795 0.718966 0.298917 0.035875 0.008555 0.150241 0.448744 0.267380 0.459408 0.578269 0.507320 0.395923 0.400811 0.934103 0.344153 0.680005 0.215836 0.603569 0.216128 0.755207 
0.194234 0.046364 0.999960 0.897683 0.091719 0.062355 0.434165 0.658348 0.659254 0.045649 0.367737 0.475049 0.764515 0.666554 0.510824 0.772969 0.816695 0.959467 0.040349 0.276103 0.537736 0.547569 0.671926 0.938447 0.481673 0.016079 0.618453 0.697408 0.619548 0.834480 0.452615 0.813682 0.880744 0.452575 0.711365 0.972363 0.514830 0.145530 0.630711 0.174084 0.191079 0.998349 0.649033 0.955494 0.664903 0.159857 0.728464 0.481598 0.119325 0.768713 0.757601 0.656961 0.316282 0.429527 0.595408 0.797855 0.445506 0.213861 0.495263 0.065054 0.048341 0.947778 0.878636 0.928986 
0.400353 0.590001 0.901349 0.915083 0.735431 0.532060 0.089167 0.926411 0.530409 0.738101 0.881905 0.195311 0.897858 0.610368 0.676809 0.017182 0.379081 0.434410 0.674043 0.695263 0.863837 0.269451 0.493118 0.309343 0.483212 0.988281 0.374297 0.531453 0.936059 0.252933 0.460439 0.336412 0.842834 0.361788 0.251494 0.578265 0.893748 0.340561 0.504676 0.424157 0.078662 0.386581 0.619368 0.976420 0.996849 0.296177 0.993502 0.375931 0.730487 0.667545 0.071194 0.594324 0.936896 0.564212 0.903567 0.420108 0.552493 0.277864 0.951461 0.488551 0.530697 0.411900 0.824863 0.373531 
0.773588 0.076357 0.951696 0.667336 0.416819 0.456372 0.091493 0.495381 0.842853 0.710761 0.471801 0.839703 0.006938 0.465303 0.215633 0.737325 0.132848 0.286727 0.331649 0.069745 0.850839 0.235217 0.489753 0.403332 0.512980 0.441214 0.891783 0.043677 0.853014 0.716646 0.417108 0.626602 0.792903 0.368804 0.293938 0.209722 0.825077 0.385331 0.705003 0.667930 0.096091 0.176804 0.507633 0.102929 0.642007 0.723166 0.840154 0.774755 0.009893 0.171803 0.844400 0.860632 0.406920 0.334153 0.263964 0.919800 0.775267 0.155747 0.963377 0.628281 0.872293 0.380485 0.254884 0.665196 
0.749189 0.548722 0.874819 0.574266 0.933952 0.579822 0.242196 0.030044 0.756526 0.749729 0.132873 0.398533 0.472894 0.972927 0.173288 0.482687 0.144730 0.017687 0.343319 0.551550 0.351740 0.607182 0.471350 0.127007 0.762829 0.434727 0.755188 0.635122 0.815112 0.010072 0.300318 0.564302 0.558693 0.175137 0.138568 0.492646 0.754858 0.380664 0.522590 0.511384 0.130392 0.655362 0.909817 0.603186 0.628289 0.083104 0.085873 0.772918 0.100691 0.429092 0.324468 0.452331 0.036274 0.795718 0.579238 0.799003 0.230445 0.334426 0.434125 0.045557 0.344398 0.734343 0.609759 0.902991 
0.909379 0.748226 0.395637 0.664238 0.128890 0.918127 0.175622 0.259182 0.573489 0.085439 0.862269 0.201778 0.168443 0.948042 0.974596 0.269034 0.377134 0.299064 0.721266 0.413308 0.094782 0.300504 0.212311 0.325127 0.634830 0.646336 0.370584 0.979128 0.380679 0.980243 0.882119 0.290059 0.728470 0.277756 0.954196 0.857260 0.195883 0.129818 0.116442 0.769272 0.215157 0.978611 0.970949 0.383500 0.926652 0.945545 0.652434 0.303786 0.244610 0.373700 0.716995 0.339292 0.674103 0.929206 0.664319 0.308933 0.575542 0.034903 0.288061 0.956121 0.015146 0.170180 0.246180 0.743516 
0.447836 0.200376 0.600776 0.643618 0.330095 0.717118 0.412890 0.545152 0.695728 0.383839 0.928551 0.622381 0.329385 0.580985 0.926067 0.573894 0.954585 0.643062 0.913086 0.628688 0.572268 0.577405 0.937521 0.147810 0.612208 0.225582 0.103931 0.627254 0.395661 0.350011 0.370770 0.843397 0.550287 0.971446 0.487015 0.880282 0.688563 0.899806 0.425433 0.384292 0.283645 0.353985 0.006672 0.612930 0.934870 0.932639 0.186824 0.889455 0.575701 0.099910 0.518143 0.147968 0.677215 0.455665 0.295678 0.289423 0.681146 0.399509 0.916577 0.076808 0.749420 0.287348 0.920105 0.299707 
0.258793 0.407120 0.179989 0.947257 0.306926 0.605323 0.331548 0.590471 0.959208 0.338121 0.203401 0.894078 0.270760 0.390125 0.783533 0.846360 0.489935 0.301676 0.994229 0.167150 0.757241 0.289907 0.456473 0.438387 0.689316 0.373050 0.515095 0.438736 0.660297 0.435200 0.738343 0.918991 0.842220 0.918233 0.866248 0.149146 0.523555 0.197796 0.739517 0.482763 0.535817 0.942818 0.376841 0.806476 0.332943 0.160373 0.652837 0.822778 0.461950 0.647065 0.989828 0.219190 0.936872 0.446300 0.657477 0.626188 0.819250 0.172572 0.064924 0.479548 0.607672 0.803167 0.398539 0.449892 
0.721400 0.264787 0.598938 0.244955 0.462483 0.338455 0.727618 0.998200 0.281273 0.104459 0.804676 0.614116 0.264732 0.457513 0.436894 0.726582 0.104578 0.426722 0.945672 0.041450 0.872923 0.603149 0.667538 0.692173 0.775621 0.732361 0.171721 0.383293 0.535529 0.570160 0.833085 0.256928 0.834847 0.432024 0.501784 0.297330 0.770379 0.229402 0.295530 0.051652 0.333761 0.100206 0.665668 0.598393 0.557619 0.102563 0.324975 0.662097 0.529185 0.270647 0.703447 0.402107 0.873696 0.370984 0.094280 0.649317 0.103346 0.265901 0.032611 0.638774 0.835961 0.865596 0.895603 0.670808 
0.297620 0.397387 0.968037 0.067998 0.626688 0.263567 0.119551 0.960349 0.363673 0.785119 0.558742 0.921191 0.887582 0.883616 0.583288 0.416766 0.154263 0.286734 0.818774 0.027959 0.657619 0.912954 0.677176 0.760864 0.178855 0.709687 0.399639 0.014816 0.575283 0.295242 0.685524 0.872802 0.692528 0.653561 0.940701 0.319216 0.917028 0.060251 0.279565 0.280701 0.845270 0.838207 0.201892 0.732852 0.721824 0.785080 0.149619 0.875987 0.071814 0.968292 0.903846 0.729333 0.881246 0.581022 0.490197 0.060102 0.290708 0.889736 0.074818 0.865891 0.184977 0.760242 0.738693 0.877406 
0.413803 0.679394 0.196622 0.330831 0.739545 0.476087 0.611432 0.584816 0.314295 0.813224 0.317668 0.036119 0.598303 0.467186 0.912005 0.670017 0.435479 0.815851 0.399350 0.316725 0.396873 0.889447 0.376727 0.687481 0.779183 0.451445 0.553372 0.964060 0.211687 0.292065 0.841466 0.625391 0.971360 0.038088 0.956122 0.710905 0.514075 0.567554 0.295721 0.828270 0.380778 0.613288 0.864289 0.978981 0.080475 0.776294 0.648998 0.515853 0.592145 0.048348 0.832479 0.988918 0.937695 0.209206 0.676399 0.716878 0.660551 0.229771 0.680939 0.872138 0.521737 0.522405 0.497529 0.493096 
0.560393 0.453651 0.204001 0.074468 0.021205 0.499622 0.902638 0.401883 0.112910 0.766927 0.380864 0.193285 0.543222 0.029862 0.709038 0.135367 0.078110 0.541517 0.124285 0.015806 0.750623 0.800584 0.732584 0.411173 0.030355 0.413523 0.283311 0.551991 0.935828 0.780740 0.045087 0.496220 0.234391 0.248988 0.570589 0.255496 0.748510 0.473227 0.657278 0.861320 0.240154 0.038142 0.054605 0.783276 0.067904 0.763543 0.918543 0.145914 0.305060 0.042827 0.161619 0.055683 0.843311 0.894103 0.466756 0.873566 0.307626 0.749967 0.425557 0.243454 0.530707 0.470545 0.739574 0.764997 
0.719433 0.310163 0.020493 0.467943 0.783290 0.677671 0.329263 0.023444 0.715713 0.383768 0.806620 0.783517 0.147311 0.725162 0.929331 0.452271 0.767890 0.090950 0.507854 0.611201 0.984953 0.974510 0.484767 0.292579 0.724477 0.910225 0.535933 0.255183 0.380769 0.275507 0.020181 0.100203 0.585570 0.040574 0.568046 0.368859 0.718145 0.897209 0.392203 0.433858 0.280977 0.198823 0.217375 0.428189 0.923885 0.146705 0.880360 0.691775 0.237555 0.388214 0.302976 0.222509 0.362724 0.787643 0.514988 0.087200 0.697868 0.050921 0.342284 0.078637 0.326328 0.362365 0.178740 0.911797 
0.402839 0.746686 0.280656 0.120984 0.643895 0.672759 0.554742 0.924772 0.871482 0.772017 0.352961 0.795367 0.918622 0.233321 0.487142 0.156178 0.621435 0.790018 0.378586 0.984059 0.577661 0.893474 0.071259 0.275529 0.944295 0.413443 0.354066 0.270623 0.775708 0.532705 0.182420 0.178547 0.279391 0.462976 0.299431 0.923186 0.135736 0.854073 0.847958 0.007218 0.626090 0.200919 0.802485 0.544712 0.434141 0.289627 0.700790 0.055576 0.079645 0.079376 0.039635 0.657206 0.972751 0.110794 0.932634 0.917046 0.524137 0.286700 0.187668 0.299846 0.819305 0.369988 0.478292 0.098696 
0.832864 0.777623 0.021882 0.968500 0.631696 0.869740 0.975617 0.257786 0.070659 0.778102 0.802398 0.504700 0.067729 0.503188 0.560175 0.147274 0.582464 0.599710 0.804379 0.555215 0.710405 0.737014 0.472261 0.234542 0.023714 0.659829 0.534287 0.842919 0.029817 0.012580 0.941515 0.862581 0.790103 0.963296 0.831080 0.421799 0.833036 0.806698 0.679484 0.903595 0.584800 0.481882 0.408295 0.652428 0.984970 0.968370 0.799602 0.567435 0.568081 0.603981 0.122650 0.278485 0.340995 0.594810 0.512927 0.364608 0.254639 0.047215 0.207527 0.284355 0.059695 0.149042 0.146936 0.849697 
0.112338 0.977916 0.271496 0.945275 0.784614 0.950880 0.848870 0.369414 0.432762 0.257165 0.021842 0.417733 0.225536 0.821344 0.985067 0.793516 0.425325 0.107717 0.072002 0.766220 0.702427 0.584829 0.130828 0.956966 0.631943 0.338256 0.241321 0.691538 0.487198 0.388157 0.541235 0.599436 0.366074 0.812631 0.544711 0.150688 0.763512 0.393581 0.520001 0.196274 0.650646 0.541743 0.613907 0.876081 0.363087 0.598974 0.669598 0.788312 0.706591 0.741499 0.554532 0.409018 0.326328 0.685261 0.365984 0.958172 0.023516 0.607205 0.649710 0.510614 0.995263 0.190945 0.110050 0.361336 
0.003576 0.654661 0.511924 0.766988 0.048242 0.031925 0.963162 0.698788 0.573568 0.577068 0.574869 0.936556 0.176042 0.244467 0.724868 0.882533 0.985866 0.279400 0.291552 0.312194 0.964561 0.657436 0.270366 0.987977 0.264641 0.919975 0.498591 0.259903 0.110920 0.608542 0.621139 0.114397 0.263202 0.133063 0.881284 0.311344 0.164888 0.844446 0.010132 0.738357 0.421515 0.584901 0.674912 0.597457 0.829268 0.399780 0.479990 0.815134 0.679080 0.771442 0.127328 0.643641 0.428878 0.397594 0.631619 0.693418 0.317569 0.130210 0.953222 0.428390 0.738652 0.574361 0.542686 0.001854 
